97.0000000000 2077.0000000000
96.0000000000 2093.0000000000
94.0000000000 2128.0000000000
91.0000000000 2193.0000000000
124.0000000000 1766.0000000000
127.0000000000 1739.0000000000
97.0000000000 2077.0000000000
96.0000000000 2093.0000000000
94.0000000000 2128.0000000000
91.0000000000 2193.0000000000
124.0000000000 1766.0000000000
127.0000000000 1739.0000000000
97.0000000000 2077.0000000000
96.0000000000 2093.0000000000
94.0000000000 2128.0000000000
91.0000000000 2193.0000000000
124.0000000000 1766.0000000000
127.0000000000 1739.0000000000
97.0000000000 2077.0000000000
96.0000000000 2093.0000000000
94.0000000000 2128.0000000000
91.0000000000 2193.0000000000
124.0000000000 1766.0000000000
127.0000000000 1739.0000000000
