359 4451
3451 915
3165 954
153 6547
2724 1052
329 4648
2451 1129
1488 1718
3539 892
239 5381
216 5740
3663 877
1453 1760
1153 2069
215 5866
4326 816
4058 836
1196 1981
2580 1076
1413 1795
997 2267
299 4867
3187 953
3439 917
112 7275
422 3996
3281 932
1156 2058
79 7770
130 6819
2509 1108
553 3397
3235 944
335 4562
155 6479
2518 1096
276 5027
308 4767
338 4559
1183 2001
3783 864
1193 1984
289 4950
844 2557
1160 2042
3347 921
154 6495
1 10174
279 4993
428 3988
141 6609
3013 984
175 6119
58 8261
456 3855
863 2534
320 4708
433 3925
255 5206
66 8064
21 9329
392 4166
1473 1744
3501 898
253 5223
24 9231
88 7581
4246 822
163 6351
4038 842
1404 1820
4041 837
424 3990
4373 813
3656 879
2446 1143
1458 1752
313 4718
43 8655
3045 966
850 2548
386 4201
201 5883
71 7980
375 4276
602 3198
1862 1379
11 9717
2324 1158
1007 2253
840 2565
1004 2262
340 4517
249 5261
2851 1006
999 2263
23 9260
74 7880
331 4583
4443 809
4481 807
1483 1723
101 7321
49 8519
4 10028
1661 1521
3784 862
374 4279
63 8136
2970 992
4597 802
2549 1086
1774 1441
507 3559
948 2350
568 3314
909 2491
1426 1781
570 3308
3296 927
469 3825
2320 1162
1352 1837
1761 1449
2180 1215
2792 1019
1645 1533
475 3793
679 2968
2294 1168
4407 811
236 5391
419 4002
3625 880
205 5879
277 5007
2337 1153
512 3557
3030 969
440 3888
2840 1008
610 3175
4171 829
4309 817
2157 1225
972 2308
2884 1005
2553 1081
281 4973
3830 858
3676 874
3772 865
1947 1329
2450 1132
3616 882
1728 1469
2894 996
1487 1719
4179 826
671 3004
2149 1232
4095 833
839 2567
1847 1388
1421 1790
608 3180
3521 893
843 2558
3308 923
779 2706
2609 1065
2831 1010
513 3533
1595 1571
75 7862
4542 804
1844 1391
193 5886
1198 1976
1266 1892
3476 899
1958 1323
3016 977
1649 1531
283 4958
389 4182
995 2270
1113 2090
838 2569
607 3182
177 6092
3931 847
2122 1241
1650 1527
2184 1213
1863 1378
2228 1195
1730 1467
218 5586
577 3296
2321 1161
2533 1087
565 3331
12 9675
499 3595
17 9477
1945 1332
1109 2097
706 2892
682 2958
0 10226
442 3877
3841 856
567 3317
191 5919
232 5441
34 8928
445 3867
3243 933
676 2975
2887 998
943 2359
3034 968
1019 2231
587 3247
489 3642
1246 1916
1272 1885
1751 1452
343 4508
1569 1593
937 2370
1583 1581
16 9618
44 8640
2219 1198
2620 1062
115 7054
1929 1339
310 4741
826 2596
4249 821
4610 801
4101 832
572 3307
1736 1464
2326 1156
40 8909
133 6815
171 6234
243 5364
348 4505
416 4055
430 3950
480 3696
600 3214
619 3152
697 2930
738 2813
778 2715
813 2638
834 2593
914 2423
924 2408
1009 2249
1083 2137
1107 2110
1129 2071
1240 1926
1263 1898
1288 1869
1308 1851
1489 1669
1497 1660
1508 1652
1556 1607
1580 1584
1723 1475
1842 1392
1881 1373
1916 1349
2009 1304
2096 1256
2100 1255
2154 1227
2218 1200
2286 1174
2364 1145
2473 1111
2520 1095
2603 1067
2645 1058
2750 1035
2775 1028
3020 971
3078 964
3462 904
3606 885
3749 868
4231 824
