2738 1174
1070 2577
358 5134
2962 1125
302 5544
225 6242
143 7210
271 5835
3038 1103
4021 924
593 3908
607 3856
50 8648
204 6489
45 8743
80 8201
3987 940
381 5097
309 5509
589 3920
3021 1107
2888 1133
5 9796
4257 903
792 3207
4271 899
779 3266
394 4849
4158 915
3405 1014
3085 1093
772 3268
3171 1064
3393 1018
420 4817
205 6472
460 4523
3815 960
102 7767
218 6296
3780 963
1404 2000
3484 1008
343 5202
4159 910
619 3793
113 7591
192 6587
2769 1167
387 4898
565 3989
3 9875
3551 993
2710 1182
3851 945
333 5275
6 9772
383 4931
3838 953
353 5171
422 4696
274 5810
2491 1257
2483 1260
489 4350
71 8243
48 8711
4814 854
120 7575
175 6834
4359 892
4482 879
2194 1403
25 9190
716 3417
4 9835
468 4421
318 5488
260 5893
3604 983
154 7031
43 8781
1397 2034
36 8939
3334 1034
4166 907
53 8574
2821 1154
122 7523
608 3828
245 6030
16 9427
3258 1043
4833 853
2707 1187
288 5638
1409 1992
1606 1821
726 3385
244 6036
927 2841
4623 866
96 7828
2230 1379
3578 987
490 4318
2780 1166
466 4429
3847 946
250 5979
2268 1360
89 7966
472 4420
2709 1184
167 6973
3019 1117
1590 1823
100 7791
3760 975
2627 1233
3247 1045
151 7073
347 5177
1620 1800
3881 941
2 9930
188 6651
1406 1999
37 8904
13 9514
2470 1263
57 8545
88 7970
1412 1991
1518 1897
3157 1065
35 8950
4838 852
1574 1845
10 9611
440 4571
2041 1463
184 6672
294 5587
944 2784
4650 864
2175 1414
640 3673
4706 860
2371 1304
398 4841
4751 857
127 7380
42 8794
20 9338
3839 951
941 2787
2829 1147
692 3485
285 5664
4060 919
2300 1333
4426 882
361 5125
3376 1019
1987 1496
2745 1171
4051 920
2127 1431
86 7988
659 3626
1691 1713
720 3392
346 5178
3603 984
1625 1796
453 4527
534 4149
4870 851
553 4019
2862 1138
4274 897
393 4853
3605 981
836 3046
0 10029
2353 1311
4283 895
859 2989
3404 1017
442 4562
1806 1626
830 3064
3620 978
1212 2275
4417 883
110 7618
515 4184
462 4450
399 4838
2050 1458
2715 1180
649 3646
2472 1262
551 4023
1687 1716
1852 1587
4173 906
1152 2368
4783 855
904 2873
59 8462
4065 918
1957 1512
638 3675
517 4175
1 9968
1129 2408
189 6613
97 7825
2859 1139
3261 1042
1707 1695
1155 2361
1992 1491
908 2868
1353 2060
1228 2239
4885 850
2242 1368
3409 1013
1231 2234
2362 1306
952 2762
854 2998
1866 1573
3607 980
2320 1324
3118 1074
1408 1993
1169 2341
2496 1253
940 2789
520 4171
1761 1651
385 4905
644 3653
1699 1702
180 6787
233 6231
283 5761
325 5397
435 4648
509 4247
561 3995
627 3741
633 3702
718 3413
748 3324
803 3155
832 3063
937 2799
976 2723
1098 2470
1102 2467
1120 2432
1221 2261
1245 2224
1286 2156
1294 2146
1311 2120
1422 1987
1438 1963
1445 1961
1651 1750
1669 1735
1696 1707
1764 1650
1783 1636
1840 1596
1875 1571
1929 1537
1967 1510
1998 1489
2074 1447
2254 1361
2275 1348
2290 1341
2339 1317
2514 1249
2559 1234
2691 1188
2794 1160
2887 1134
3093 1083
3109 1081
3243 1052
3344 1033
3457 1009
4046 922
