467 3836
1422 1772
1156 2055
1390 1802
2639 1058
3994 842
219 5579
168 6250
2437 1131
3125 961
209 5806
3462 907
2365 1144
2734 1039
1806 1424
95 7677
3993 845
3574 888
212 5755
3001 981
2464 1126
3411 910
3383 915
4227 825
4053 836
3147 958
3735 868
369 4337
250 5260
188 5951
365 4378
291 4918
112 7534
840 2567
3716 871
1462 1755
3668 875
4297 819
197 5847
181 6054
162 6320
2180 1216
851 2553
1464 1733
122 6954
1174 2028
425 3975
4309 817
158 6382
249 5338
1448 1756
139 6640
358 4450
2876 1007
7 9994
115 7054
2338 1154
546 3437
180 6069
151 6543
67 8062
127 6838
141 6609
3775 864
399 4145
3908 855
24 9227
4407 811
236 5391
4521 805
4398 812
565 3330
327 4620
202 5814
1167 2040
58 8264
3187 947
2779 1028
3355 917
1193 1986
166 6253
4443 809
276 5023
277 5007
1181 2025
317 4688
4025 841
3234 936
469 3781
397 4164
79 7770
453 3840
433 3925
44 8637
47 8547
1003 2259
3119 965
2887 1002
1173 2029
848 2555
3212 942
155 6399
279 5004
2998 986
65 8116
389 4182
1358 1823
280 4989
391 4177
3305 925
311 4736
4481 807
4174 828
5 10053
610 3173
60 8233
4298 818
497 3608
229 5468
1898 1359
1922 1344
340 4517
3476 899
312 4726
619 3168
1847 1388
193 5886
2 10179
29 9067
281 4973
2787 1021
2286 1173
1628 1552
2596 1074
175 6119
285 4956
1929 1339
4094 833
310 4741
478 3709
21 9329
507 3559
4586 802
1976 1319
3615 884
313 4718
489 3642
374 4279
725 2843
218 5586
1908 1351
386 4201
1729 1468
850 2554
684 2953
3676 874
440 3920
1 10188
1311 1862
2211 1202
0 10226
706 2892
480 3708
2553 1081
4041 837
1242 1922
444 3869
593 3231
2831 1010
2115 1252
2219 1198
676 2975
572 3305
2142 1232
3841 856
1746 1456
1527 1630
972 2308
253 5223
3625 880
1256 1913
493 3623
1595 1571
590 3237
724 2844
3299 927
3931 847
587 3247
2294 1168
1246 1916
2184 1213
2890 1001
1048 2214
1104 2110
189 5936
2152 1228
4373 813
45 8636
571 3310
331 4583
3521 893
138 6715
1777 1441
1846 1390
442 3877
779 2706
2609 1065
1863 1378
1213 1974
3520 895
2122 1241
1856 1387
784 2694
1558 1614
3045 966
999 2263
228 5545
133 6736
1650 1527
2131 1237
1537 1621
3837 862
513 3533
2545 1084
1198 1976
968 2328
2894 996
1123 2076
3925 850
948 2350
2792 1019
4249 821
1730 1467
419 4002
2533 1087
3243 933
2319 1159
1272 1885
709 2889
2326 1156
1751 1452
3034 968
843 2558
1118 2086
2157 1225
4101 832
567 3317
1603 1565
4610 801
3308 923
937 2370
1958 1323
2620 1062
1569 1593
43 9014
216 5622
275 5071
307 4796
413 4062
434 3921
569 3315
584 3273
597 3230
621 3145
668 3009
698 2917
742 2813
815 2624
836 2584
854 2545
908 2430
928 2401
998 2275
1029 2224
1095 2120
1100 2112
1295 1869
1298 1866
1482 1675
1486 1672
1516 1648
1562 1608
1646 1532
1674 1516
1725 1475
1839 1395
1991 1311
2085 1260
2091 1259
2234 1193
2480 1107
2525 1091
2582 1076
2638 1059
2745 1035
2918 994
3019 972
3463 903
3611 886
4231 824
