2859 1008
302 4943
2744 1033
3448 911
418 4090
3569 892
198 5840
2464 1123
2707 1045
208 5725
469 3774
103 7509
3864 861
1183 2013
227 5536
1018 2235
3470 900
467 3831
3302 924
1195 1981
1819 1419
839 2567
137 6687
226 5538
229 5520
180 6056
599 3208
2678 1050
4005 841
1770 1448
566 3327
1341 1850
3153 963
59 8273
4433 810
3254 932
2456 1125
155 6399
1396 1798
3507 898
1196 1980
2782 1027
3202 941
136 6688
3426 922
563 3343
3805 866
454 3833
203 5784
299 4952
3458 905
2453 1134
1846 1389
4341 815
2872 1001
2831 1010
23 9260
428 3973
3922 853
4265 821
421 3991
33 9041
681 2963
3906 857
451 3853
723 2853
77 7982
1778 1439
1435 1742
448 3860
43 8655
849 2551
3929 852
4028 839
2609 1065
2936 990
340 4517
3476 899
873 2528
37 8827
115 7054
844 2557
244 5375
3625 880
89 7570
3915 854
582 3288
19 9998
840 2566
1346 1818
1418 1776
590 3237
158 6385
2977 985
2828 1011
1845 1390
3162 958
587 3247
4164 829
256 5212
236 5391
189 5936
218 5586
4596 803
3609 884
1383 1804
346 4494
1086 2184
11 10011
20 9365
610 3175
602 3198
291 4958
1451 1736
1042 2202
3308 923
334 4575
2511 1099
4302 818
107 7356
578 3302
183 6016
2553 1081
389 4182
2533 1087
249 5261
493 3640
729 2831
2838 1009
1219 1956
263 5187
322 4703
2265 1188
1471 1698
1967 1319
499 3595
390 4177
313 4718
1010 2252
943 2359
79 7770
684 2953
118 7035
4102 832
73 8047
95 7557
4179 826
1588 1577
2 10200
2157 1225
1280 1877
591 3234
571 3309
139 6640
22 9333
4587 804
1947 1329
762 2801
2135 1235
706 2892
4575 807
133 6736
3243 933
513 3533
442 3877
489 3642
2184 1213
2792 1019
2778 1028
4309 817
2620 1062
281 4973
177 6092
4598 802
1581 1584
135 6711
419 4002
1123 2076
336 4568
2291 1171
374 4279
1804 1420
127 6838
277 5007
4407 811
1650 1527
3931 847
2326 1156
1902 1355
1908 1351
4060 836
4373 813
66 8064
1266 1892
386 4201
193 5886
972 2308
3045 966
1847 1388
88 7581
756 2809
230 5454
1583 1581
4443 809
1113 2090
2215 1204
1958 1323
779 2706
677 2973
1527 1630
1595 1571
2294 1168
607 3182
830 2589
1751 1452
2200 1209
283 4965
4 10028
2122 1241
1966 1321
3521 893
517 3527
3687 873
29 9067
1861 1381
253 5223
1730 1467
330 4654
220 5569
1949 1328
507 3559
1019 2231
2219 1198
948 2350
2894 996
1863 1378
843 2558
388 4195
1246 1916
937 2370
676 2975
567 3317
1198 1976
1678 1517
1697 1504
826 2596
4610 801
3042 967
3034 968
1755 1451
1569 1593
1272 1885
239 5379
0 10226
4041 837
999 2263
265 5178
380 4263
3676 874
303 4831
344 4504
436 3921
485 3687
521 3518
558 3366
624 3136
667 3008
776 2722
825 2603
859 2531
917 2420
928 2394
996 2277
1031 2218
1094 2120
1106 2106
1294 1864
1314 1851
1487 1673
1502 1658
1663 1522
1720 1478
1836 1397
1859 1384
1924 1345
2002 1302
2097 1260
2102 1257
2149 1230
2209 1205
2372 1143
2520 1094
2548 1084
2633 1061
2750 1031
2996 976
3062 964
3467 901
3596 887
3763 869
