2741 1175
913 2855
3519 1007
2198 1410
2 9956
18 9387
804 3190
454 4503
28 9187
587 3989
2547 1239
169 7000
3699 975
216 6318
177 6937
621 3776
3588 986
138 7250
77 8141
603 3873
283 5720
1554 1868
451 4521
182 6910
33 9160
267 5839
80 8114
235 6268
359 5150
308 5519
29 9161
1693 1717
1695 1711
4348 891
208 6580
3881 941
790 3207
1063 2568
3737 971
132 7517
244 6110
3094 1088
3044 1103
4664 863
4610 868
4393 886
781 3239
2158 1424
4678 862
303 5560
265 5893
2941 1132
3001 1113
188 6638
3257 1043
4416 885
3151 1071
2150 1429
796 3191
110 7618
385 4905
588 3946
567 4001
88 7975
4751 857
3831 955
617 3842
496 4353
35 8950
467 4425
127 7537
1213 2281
3531 996
395 4848
615 3849
3760 967
363 5137
4520 877
4536 876
3603 982
12 9544
4261 900
220 6294
1677 1735
193 6603
1393 2027
9 9672
275 5820
2866 1137
4417 883
3369 1023
2207 1409
2859 1139
3405 1014
10 9611
214 6338
4874 851
598 3941
409 4816
2146 1434
4061 920
150 7081
414 4790
341 5267
2740 1176
2229 1392
3315 1035
2825 1153
4650 864
3295 1039
38 8891
2221 1404
4 9835
45 8731
4623 866
96 7828
980 2726
375 4994
762 3290
285 5664
71 8243
3253 1044
344 5198
411 4806
996 2704
21 9322
242 6162
316 5491
0 10029
718 3399
1957 1512
957 2753
727 3378
1021 2653
250 5979
3112 1076
290 5629
693 3484
2362 1306
2499 1252
545 4049
218 6296
346 5178
350 5167
1853 1593
2356 1310
520 4171
640 3669
3560 990
2826 1148
4549 872
2055 1456
515 4184
384 4919
4426 882
396 4838
13 9514
4173 906
2047 1460
2656 1202
3620 978
761 3314
2306 1331
1992 1491
716 3405
644 3653
53 8571
1857 1579
4279 896
2491 1255
294 5587
247 6020
2710 1182
185 6660
1431 1975
2496 1253
440 4571
1135 2397
3118 1074
333 5275
86 7988
4885 850
2291 1338
1377 2031
4745 858
17 9399
1126 2421
1406 1996
393 4853
361 5148
462 4450
2470 1263
1153 2369
64 8460
3409 1013
4558 871
25 9190
1615 1794
516 4180
1400 2003
940 2789
3845 947
546 4047
3157 1065
1864 1574
638 3675
1 9968
466 4429
854 2998
2745 1171
1707 1695
4819 853
3376 1019
1230 2237
2862 1138
347 5173
2320 1324
873 2966
468 4423
930 2837
154 7031
3607 980
2472 1262
4065 918
2829 1147
1194 2326
952 2762
1731 1675
1408 1993
904 2873
4283 895
445 4555
343 5200
2300 1333
1699 1702
554 4015
648 3640
1158 2356
4783 855
720 3392
2715 1180
16 9427
692 3485
2050 1458
3247 1045
3851 945
1995 1490
4706 860
58 8476
1226 2242
1761 1651
3261 1042
1373 2035
2385 1304
1129 2408
133 7416
230 6275
281 5759
429 4646
501 4274
626 3732
687 3530
747 3326
809 3139
835 3067
860 2990
900 2888
1105 2457
1215 2266
1289 2150
1294 2144
1311 2122
1370 2041
1420 1985
1429 1976
1437 1966
1457 1947
1644 1760
1652 1753
1679 1729
1722 1685
1758 1659
1787 1634
1845 1594
1942 1527
1967 1508
2063 1455
2099 1436
2246 1366
2272 1350
2519 1250
2673 1197
2703 1188
2803 1159
2882 1135
3059 1090
3110 1078
3352 1026
3445 1011
4171 911
