2379 1003
3292 815
1748 1246
2255 1048
266 4638
647 2727
3300 814
1065 1875
3560 782
3882 753
138 6147
79 7335
224 5022
184 5578
273 4565
646 2729
2909 871
3590 781
2690 922
535 3088
18 9164
46 8581
3708 769
260 4710
33 8711
3904 750
2778 899
3040 846
3992 744
130 6250
128 6283
11 9708
203 5230
1800 1226
249 4755
3703 770
1761 1242
206 5224
27 8826
386 3768
148 5956
2884 875
4154 733
538 3081
3735 762
381 3789
111 6660
60 7767
408 3655
540 3070
1323 1582
2875 878
3180 829
2205 1058
99 6850
12 9523
2297 1019
4010 741
2186 1061
2728 906
64 7661
29 8823
223 5062
153 5941
3497 787
539 3079
660 2676
47 8413
170 5638
270 4567
2444 976
1324 1563
4042 739
3791 760
2845 882
2436 977
3412 795
172 5618
387 3763
127 6347
2726 919
213 5118
3831 754
2811 888
3392 801
1 10026
3950 745
25 9000
456 3407
3232 817
369 3906
2133 1072
2309 1013
258 4743
200 5263
915 2104
267 4593
2393 990
143 6146
1984 1130
880 2199
1913 1161
1209 1671
314 4242
1292 1598
2590 942
4218 730
2114 1080
283 4485
100 6834
2097 1085
920 2092
676 2645
70 7511
136 6148
2064 1098
701 2566
278 4499
299 4342
68 7658
4134 734
3400 796
396 3703
546 3041
1315 1590
110 6683
185 5443
1772 1240
3165 831
745 2456
58 7883
801 2331
2454 970
2325 1008
2130 1073
169 5651
970 2002
1580 1354
942 2051
927 2080
703 2562
2951 860
3075 840
309 4257
247 4774
2632 925
216 5085
2147 1067
712 2556
2619 928
2613 930
2941 862
2641 923
3090 837
3396 797
359 3947
1675 1284
766 2421
3077 839
1689 1274
134 6181
4256 729
788 2357
472 3322
1012 1932
124 6355
345 4008
165 5756
62 7713
1710 1261
338 4056
4077 737
2536 954
3922 747
1890 1170
189 5393
158 5806
1402 1473
336 4068
349 3983
3425 793
655 2690
106 6703
2338 1004
297 4347
0 10092
798 2335
199 5273
571 2946
2500 958
1393 1481
415 3600
1426 1453
1518 1382
77 7343
30 8739
1212 1664
2093 1089
544 3043
924 2083
347 3995
410 3626
1625 1310
3515 783
666 2668
4059 738
1471 1417
804 2322
872 2217
3635 771
2398 986
354 3951
768 2402
1007 1940
592 2888
2491 960
113 6564
417 3589
413 3610
2452 971
507 3252
466 3349
218 5064
1523 1378
1992 1126
1680 1277
1617 1315
3633 772
86 7136
475 3309
541 3051
1158 1736
383 3777
668 2654
1248 1646
1254 1639
1093 1812
2476 964
525 3124
940 2054
968 2005
917 2096
1698 1267
1213 1661
2885 872
3086 838
3202 821
3715 765
1917 1158
809 2321
2057 1100
4267 728
1394 1480
1187 1691
584 2903
57 8176
225 5019
265 4652
294 4404
447 3445
462 3387
478 3301
513 3175
599 2871
643 2744
674 2646
709 2558
761 2425
782 2377
813 2305
904 2126
900 2141
1025 1923
1068 1857
1135 1760
1162 1724
1193 1689
1222 1654
1255 1621
1349 1529
1373 1502
1411 1470
1470 1419
1512 1388
1598 1332
1607 1330
1733 1249
1848 1192
1966 1142
1999 1125
2175 1063
2272 1029
2595 936
2740 901
2985 855
3222 820
3386 802
3494 790
3621 773
3946 746
