561 2418
15 9166
367 3136
311 3498
1874 1017
143 5123
2177 918
1553 1151
3464 731
440 2837
2690 822
360 3205
481 2666
317 3423
2848 785
878 1736
1913 996
214 4275
1912 1000
3125 754
2736 802
491 2612
2427 857
465 2702
2179 916
287 3654
2235 912
1130 1440
2749 799
2148 923
3166 753
2707 818
799 1874
29 7848
2813 792
1035 1534
690 2073
1568 1138
350 3243
3188 749
80 6224
2102 936
302 3549
23 8074
258 3821
873 1753
1842 1021
1888 1012
3546 723
437 2846
3012 766
576 2350
904 1699
444 2782
1561 1140
812 1844
1357 1252
698 2058
573 2358
280 3721
1895 1003
133 5321
3119 757
405 2944
2296 885
99 5818
1965 974
225 4128
2877 783
231 4077
154 4989
3052 763
2556 831
63 6738
1034 1553
148 4993
3387 732
3321 737
473 2681
171 4689
98 5829
890 1728
355 3207
3302 743
510 2552
695 2061
865 1772
2748 800
56 6850
220 4228
202 4330
2337 876
529 2515
3017 765
834 1809
383 3068
577 2346
155 4982
120 5434
453 2755
1944 985
338 3294
541 2487
2605 824
2701 820
821 1826
427 2858
32 7830
1993 968
342 3271
2134 928
1764 1043
1801 1030
507 2557
2274 891
2275 890
46 7168
303 3507
2416 858
3004 767
156 4882
47 7143
100 5812
2818 789
1673 1080
19 8273
1498 1166
1737 1060
2137 926
221 4138
2947 773
582 2332
894 1713
71 6438
2402 861
246 3917
2716 804
364 3158
1273 1302
1061 1504
279 3730
1474 1174
128 5343
464 2705
1668 1082
3049 764
248 3906
3466 727
664 2129
2825 788
2068 952
112 5571
2328 878
215 4261
819 1842
2840 786
787 1879
166 4752
1255 1316
1450 1192
1524 1159
1804 1028
492 2607
762 1935
1278 1301
1068 1498
772 1906
3584 721
268 3747
411 2916
699 2055
511 2544
1313 1275
985 1594
5 9225
1047 1520
1238 1333
2496 842
1297 1284
49 7067
2313 881
267 3775
999 1581
822 1820
2544 833
3500 725
2550 832
428 2852
37 7508
571 2363
1376 1230
292 3579
587 2322
4 9275
238 3985
53 6940
1684 1074
2713 805
1317 1272
1746 1049
832 1813
1064 1501
2755 798
1575 1131
468 2698
206 4288
3373 733
1239 1329
2004 962
449 2760
1468 1177
361 3165
262 3791
190 4462
693 2064
78 6258
526 2520
90 5989
516 2528
2566 829
880 1733
3557 722
423 2863
84 6119
1974 971
1069 1495
139 5128
1244 1325
1628 1098
1701 1067
696 2059
735 1989
371 3112
1739 1052
312 3450
399 2972
2339 875
939 1654
1020 1561
3628 719
1998 967
1210 1354
3601 720
1770 1040
446 2771
597 2292
1411 1209
2074 942
92 5961
2151 921
1610 1106
683 2086
2928 775
3291 745
601 2284
186 4535
334 3342
390 3033
487 2626
568 2379
584 2331
611 2260
628 2216
650 2173
689 2079
702 2049
760 1936
769 1918
805 1850
848 1786
921 1682
937 1661
978 1607
1022 1556
1078 1486
1096 1470
1186 1382
1189 1376
1198 1370
1233 1340
1270 1307
1284 1299
1383 1228
1394 1221
1460 1182
1577 1123
1622 1102
1657 1088
1811 1027
1833 1024
1954 979
2041 954
2264 894
2390 864
2473 848
2541 835
2588 828
2900 779
2985 770
3258 746
