3607 778
3165 832
3151 833
4132 736
115 6691
1 10026
3056 852
234 4998
41 8897
124 6534
243 4870
205 5217
97 7070
3821 758
2790 900
3710 767
639 2762
1317 1583
3057 850
3346 810
407 3685
368 3924
2713 909
3031 855
3773 759
3294 811
225 5048
359 3944
2335 1005
1603 1342
2706 916
710 2548
3394 797
3673 770
345 4008
264 4702
3466 792
650 2740
3555 779
2139 1070
382 3865
70 7511
873 2212
1301 1600
7 9995
3509 789
109 6742
3071 840
9 9598
2675 921
158 5941
1060 1868
862 2247
3922 747
2325 1008
2796 898
2271 1031
1329 1559
3478 791
1609 1322
149 5943
2809 888
3232 817
216 5085
658 2686
3400 796
1615 1318
248 4766
2167 1066
2179 1064
86 7136
839 2273
231 5011
253 4754
2197 1056
42 8412
3921 748
218 5064
258 4737
77 7343
1780 1236
2395 989
4010 741
387 3754
321 4210
695 2582
844 2264
332 4179
924 2083
357 3947
2942 862
1625 1310
1894 1169
457 3404
2605 934
2939 867
1742 1249
932 2070
189 5393
1645 1305
296 4371
281 4484
4059 738
172 5634
1215 1659
1689 1272
1671 1283
411 3625
1764 1242
1302 1591
4042 739
706 2559
21 9036
3826 757
2619 928
2262 1046
915 2100
1030 1910
3070 843
2476 964
1252 1631
2516 957
2613 931
2642 923
668 2654
841 2272
128 6283
55 7902
297 4347
1719 1256
201 5261
2873 875
2878 874
971 2003
1003 1953
2332 1006
1007 1940
530 3095
2053 1103
464 3359
750 2444
247 4774
278 4499
169 5651
214 5153
63 7877
467 3345
202 5239
916 2098
768 2402
160 5777
1529 1374
3204 826
2454 970
917 2096
4154 733
3077 839
2308 1021
2491 960
0 10092
1211 1667
449 3433
2885 872
472 3322
2398 986
2130 1073
396 3703
4196 731
100 6840
13 9398
199 5273
584 2903
968 2005
1792 1229
1992 1126
799 2333
2578 944
413 3610
571 2946
3515 783
173 5616
383 3777
3409 795
698 2575
2309 1013
451 3419
72 7497
1720 1255
3831 754
2057 1100
2489 962
309 4257
701 2566
2097 1085
1141 1748
1074 1839
136 6148
580 2916
4241 729
1530 1373
1773 1239
660 2676
1917 1158
2338 1004
1390 1485
1680 1277
1093 1812
347 3995
3425 793
2951 860
1547 1370
930 2072
1518 1391
1426 1453
745 2456
1523 1378
788 2357
148 5956
520 3129
3635 771
1213 1661
477 3302
1394 1480
187 5426
655 2690
99 6850
1617 1315
475 3309
542 3050
1012 1932
1890 1170
2740 901
415 3607
311 4245
3090 837
1402 1473
804 2322
145 6139
541 3051
2413 983
3950 745
4267 728
2147 1067
3712 764
354 3951
54 8200
134 6246
226 5040
267 4613
294 4391
314 4234
463 3378
511 3169
535 3076
582 2912
600 2875
654 2704
673 2645
744 2479
772 2394
786 2367
815 2306
901 2131
989 1980
1067 1856
1088 1820
1095 1810
1134 1768
1171 1718
1220 1655
1238 1638
1260 1618
1350 1526
1366 1512
1376 1500
1465 1423
1468 1421
1521 1381
1539 1371
1746 1248
1852 1189
1877 1177
1888 1173
1970 1136
2010 1121
2064 1098
2125 1077
2205 1054
2281 1023
2436 976
2486 963
2581 940
2600 936
2729 905
2867 879
2909 868
2987 857
3180 827
3354 802
3633 773
