1813 1221
869 2243
3756 761
2164 1064
2610 933
2711 908
1339 1560
1576 1355
3 10021
3283 813
1316 1587
1073 1847
3324 806
1324 1584
834 2293
2239 1050
408 3672
265 4695
1325 1580
3477 789
2275 1029
2579 952
2240 1046
3535 781
1326 1573
2665 924
121 6540
3610 776
38 8779
820 2296
119 6562
390 3752
53 7999
1307 1610
842 2256
657 2685
196 5384
4134 734
17 9208
78 7320
1254 1633
678 2639
319 4228
3400 796
1857 1192
173 5636
2544 953
292 4441
883 2200
6 9753
2529 959
649 2741
1803 1223
675 2652
3225 818
2947 861
748 2449
2289 1023
258 4730
916 2117
247 4774
666 2665
2361 1000
3425 793
2387 990
69 7695
1881 1176
118 6601
26 8839
2464 969
2335 1006
160 5777
2811 894
218 5064
3635 771
803 2334
1065 1870
1304 1618
70 7511
3377 802
654 2700
1620 1314
1952 1147
746 2454
2733 904
3625 772
876 2238
750 2444
635 2812
2259 1031
4218 730
204 5232
128 6283
2588 948
1219 1658
217 5111
2129 1083
99 6850
393 3721
2632 925
396 3703
150 5994
963 2029
267 4593
966 2015
354 3951
214 5124
1917 1158
241 4961
14 9423
1272 1619
2736 902
383 3777
2051 1104
332 4122
2417 983
3712 764
571 2946
940 2054
272 4581
58 7884
174 5632
4191 732
5 9836
280 4487
3735 762
929 2079
345 4008
3232 817
573 2940
660 2676
1698 1267
138 6128
2885 872
658 2684
318 4236
1016 1926
2097 1085
202 5239
18 9164
4196 731
2914 869
930 2072
3069 843
479 3294
1754 1243
463 3380
2951 860
475 3309
188 5435
2454 970
185 5443
3218 819
461 3396
262 4696
655 2690
968 2005
917 2096
1882 1174
50 8043
2441 977
1 10026
419 3584
1992 1126
520 3129
1187 1691
1502 1405
1177 1703
4059 738
4241 729
2130 1073
1980 1131
1720 1255
456 3406
4010 741
541 3051
702 2565
745 2456
2147 1067
470 3337
199 5273
249 4755
136 6148
347 3995
309 4257
506 3217
768 2402
1625 1310
4077 737
3202 821
4267 728
924 2083
297 4347
1313 1593
3950 745
3079 840
1656 1302
539 3072
1093 1812
1617 1315
2486 962
3090 837
804 2322
2085 1092
451 3419
57 7967
532 3084
2057 1100
1007 1940
1012 1932
308 4325
1680 1277
1110 1807
1707 1264
410 3626
387 3754
236 4983
698 2574
2325 1008
1213 1661
107 6688
668 2654
1141 1748
169 5651
417 3589
1074 1839
0 10092
701 2566
3831 754
580 2916
2398 986
4042 739
1530 1373
2619 928
363 3929
2740 901
1523 1378
1890 1170
584 2903
336 4068
2309 1013
2491 960
3515 783
1905 1166
3695 769
1015 1930
1997 1124
1431 1451
1471 1417
135 6277
232 5008
266 4641
296 4393
316 4243
382 3800
443 3471
511 3170
529 3102
558 2996
594 2888
711 2546
733 2491
771 2399
813 2305
904 2129
903 2130
1005 1954
1050 1885
1100 1809
1165 1727
1180 1701
1233 1645
1356 1519
1364 1510
1369 1508
1397 1478
1458 1431
1464 1427
1515 1386
1608 1325
1611 1322
1627 1309
1739 1249
1847 1193
1878 1179
1975 1137
2143 1069
2176 1060
2302 1021
2430 981
2613 932
2731 906
2862 877
2910 871
2943 864
3078 841
3164 828
3379 801
3503 787
3937 748
