874 2210
3138 832
264 4679
2451 977
401 3693
327 4231
3044 845
259 4696
333 4147
2173 1063
2851 889
211 5159
1060 1875
2572 949
2721 906
3587 777
2932 865
643 2745
462 3398
2033 1111
2900 870
721 2528
1616 1320
2696 918
2257 1035
3354 804
1619 1314
3121 834
2827 898
433 3541
2615 934
1850 1208
144 6100
2908 869
3823 756
1866 1195
358 3927
322 4240
405 3671
864 2237
2356 1002
4005 742
3202 821
3605 775
160 5777
4241 729
148 5956
167 5745
1846 1212
425 3569
2685 921
2365 1000
933 2076
1605 1349
4134 734
356 3947
4222 730
2700 916
4010 741
3950 745
410 3626
141 6132
51 8029
215 5096
21 9036
2097 1085
1063 1870
4177 732
158 5920
2293 1026
914 2103
1205 1673
2950 863
3912 748
54 8010
532 3084
1686 1275
297 4347
1211 1665
230 4958
1324 1581
693 2604
309 4257
37 8450
3302 810
1879 1183
2 9991
2606 936
86 7136
2335 1007
280 4492
202 5239
1045 1887
838 2263
249 4755
1210 1671
1904 1165
765 2414
1705 1266
16 9414
536 3074
2126 1075
354 3951
201 5257
3831 754
798 2335
79 7645
541 3051
45 8193
1718 1258
1476 1415
3483 787
1523 1378
3090 837
2093 1098
36 8490
1570 1361
35 8518
278 4499
3699 768
128 6283
2552 950
2632 925
372 3851
218 5064
50 8043
1980 1131
1816 1224
171 5645
1325 1563
705 2559
1680 1277
694 2585
2454 970
402 3691
136 6148
520 3129
1617 1315
1737 1249
115 6547
2048 1109
13 9794
186 5433
340 4055
3198 822
668 2654
655 2690
2626 927
417 3589
475 3309
571 2946
113 6564
383 3777
4077 737
804 2322
660 2676
2528 955
586 2901
11 9935
352 3973
1083 1826
0 10092
216 5085
3077 839
898 2158
2318 1011
3232 817
3425 793
4035 740
1101 1807
134 6181
163 5746
580 2916
918 2095
1177 1703
1213 1661
968 2005
313 4249
1917 1158
105 6728
802 2328
99 6850
55 7902
1011 1935
3400 796
584 2903
2740 901
2476 964
169 5651
64 7690
1625 1310
1530 1373
1141 1748
788 2357
2885 872
1863 1200
652 2701
889 2193
451 3419
3071 840
1020 1929
2147 1067
2847 894
1992 1126
479 3307
2491 960
4042 739
1640 1308
2338 1004
768 2402
1888 1171
1 10070
247 4774
4196 731
1426 1453
1074 1839
1199 1677
940 2054
2398 986
466 3349
1093 1812
472 3322
1518 1382
887 2195
4059 738
2951 860
1012 1932
1366 1517
917 2096
282 4484
3512 785
750 2447
1394 1480
1890 1170
2309 1013
318 4241
396 3703
812 2307
4267 728
3635 771
1218 1656
745 2456
1720 1255
2619 928
1471 1417
269 4577
2057 1100
701 2566
222 5047
348 4013
380 3813
450 3448
465 3364
481 3300
517 3163
562 2984
578 2935
598 2876
646 2722
679 2637
735 2488
764 2422
794 2353
808 2315
901 2142
907 2121
936 2072
964 2026
1022 1923
1065 1865
1092 1817
1220 1655
1238 1637
1249 1630
1357 1527
1372 1506
1389 1491
1466 1423
1461 1426
1505 1398
1536 1370
1612 1324
1623 1313
1742 1244
1868 1187
2122 1081
2190 1054
2284 1028
2350 1003
2430 978
2502 958
2584 939
2733 905
2882 875
3012 854
3102 836
3181 824
3382 803
3630 774
3753 761
