587 608
1146 381
1197 372
1154 380
1122 384
1025 401
910 429
1081 390
453 754
283 1181
1044 397
716 517
1106 386
1294 361
1037 398
646 559
367 912
717 515
851 451
660 553
639 561
868 444
266 1215
679 538
253 1254
450 757
306 1072
170 1763
181 1669
118 2354
498 696
801 471
835 456
294 1120
698 527
534 656
133 2143
796 473
950 422
563 624
74 3562
342 967
230 1360
392 865
391 876
214 1459
591 598
420 807
194 1579
77 3414
198 1545
543 644
552 637
982 413
802 468
489 707
121 2309
536 653
226 1377
1371 355
524 662
683 537
1477 350
357 937
284 1138
177 1708
252 1258
855 446
84 3159
73 3630
139 2080
215 1435
105 2603
577 614
544 640
490 705
771 487
761 490
137 2096
97 2746
659 554
752 494
333 991
779 480
160 1852
497 698
622 574
1164 377
109 2502
268 1194
95 2796
809 467
624 572
297 1108
221 1411
98 2722
173 1727
700 525
165 1792
894 434
188 1634
223 1394
350 948
100 2676
201 1520
411 823
106 2584
102 2631
773 484
504 684
1175 375
148 1965
180 1672
92 2882
263 1216
103 2611
234 1334
589 600
674 539
289 1121
239 1314
1351 356
324 1020
1528 348
626 570
429 790
1246 368
313 1045
131 2168
151 1934
261 1219
906 430
471 726
116 2385
616 578
447 761
1068 392
395 855
312 1053
1182 374
647 555
249 1267
405 836
1092 388
145 1998
1501 349
219 1412
1582 346
570 615
1310 359
1431 354
763 488
210 1464
637 562
75 3498
157 1871
164 1801
594 595
96 2789
513 673
406 831
1278 362
192 1583
301 1082
346 957
70 3854
924 425
555 629
1012 403
207 1482
614 579
815 462
354 938
1212 370
129 2194
125 2251
1155 378
728 506
470 730
353 947
1259 364
424 804
503 688
71 3773
999 406
525 659
603 591
365 914
1129 382
661 546
737 501
707 518
1268 363
824 458
872 440
685 531
1555 347
382 879
775 481
955 417
418 809
79 3396
113 2434
143 2021
161 1833
167 1775
171 1747
204 1506
218 1423
235 1333
237 1319
246 1286
255 1242
259 1231
288 1125
298 1096
318 1030
330 997
334 987
349 951
359 928
374 899
403 839
398 850
409 830
426 796
443 773
438 775
459 743
474 725
479 715
483 710
501 690
521 668
528 658
546 638
592 597
605 587
669 541
706 519
748 495
787 475
812 464
836 453
882 437
1009 404
994 412
1057 394
1252 367
1301 360
1325 358
1335 357
1439 352
