3101 836
96 6918
61 7862
2534 957
257 4732
2290 1022
3996 743
3588 780
3580 782
117 6555
163 5912
58 7880
74 7430
3263 819
161 5918
3847 753
2668 921
2714 907
3487 790
80 7335
16 9823
238 4950
1319 1588
3777 760
3496 789
847 2277
141 6124
3707 767
1296 1599
3724 763
3302 812
5 9844
3059 846
2648 922
2139 1072
122 6525
84 7216
3995 744
3400 796
129 6278
240 4866
35 8625
730 2539
3936 746
2711 918
177 5602
1293 1605
284 4487
1843 1223
3311 810
698 2574
3052 848
18 9164
228 5063
38 8417
201 5262
836 2294
288 4444
2881 877
397 3702
868 2262
651 2703
672 2646
309 4257
1739 1248
1328 1584
1744 1246
2572 955
3911 748
270 4567
106 6703
50 8043
873 2246
2032 1116
653 2696
190 5389
4042 739
202 5239
2053 1102
2270 1039
2937 867
169 5651
2165 1066
387 3754
55 7902
657 2685
2619 928
347 3995
2486 962
39 8401
3831 754
186 5431
1063 1888
2166 1065
335 4075
3395 799
4077 737
2443 975
26 8839
3626 772
3 9997
29 8741
385 3766
930 2072
2307 1015
2833 888
2331 1007
232 4979
383 3777
170 5638
3811 756
2476 964
919 2094
148 5956
3922 747
475 3309
218 5064
341 4051
2491 960
3515 783
67 7629
254 4753
2325 1008
28 8763
17 9208
3635 771
1830 1224
2454 970
3950 745
252 4754
3090 837
1008 1939
311 4245
2902 870
1617 1315
3084 838
2755 899
4235 731
451 3419
668 2654
63 7700
1884 1174
472 3322
527 3117
912 2116
4134 734
655 2690
705 2558
189 5393
1916 1159
2103 1084
412 3624
2891 871
1899 1168
478 3301
173 5634
384 3776
111 6603
3072 840
336 4068
4010 741
795 2353
3202 821
1917 1158
410 3626
1270 1619
1012 1932
2632 925
278 4499
3735 762
134 6181
3712 764
70 7511
1698 1267
1974 1150
136 6148
1980 1131
2398 986
3069 841
701 2566
2885 872
2057 1100
466 3349
1717 1257
768 2402
520 3129
267 4593
3186 825
1 10026
2147 1067
216 5085
1007 1940
1245 1638
1249 1629
128 6283
3618 776
798 2335
4241 729
537 3072
2097 1085
1074 1839
1890 1170
1213 1661
247 4774
3077 839
968 2005
124 6355
3425 793
1625 1310
788 2357
249 4755
1715 1259
299 4385
2740 901
413 3610
917 2096
804 2322
630 2795
1523 1378
338 4059
99 6850
1402 1473
1613 1319
86 7136
1059 1895
571 2946
396 3703
1680 1277
660 2676
1508 1396
752 2440
924 2083
580 2916
2882 873
940 2054
1484 1410
1394 1480
1187 1691
2940 863
1720 1255
1093 1812
429 3584
2951 860
2338 1004
0 10092
584 2903
2309 1013
4267 728
45 8193
353 3974
1141 1748
200 5339
263 4647
296 4389
313 4232
443 3464
458 3397
512 3173
563 2990
578 2933
597 2885
762 2422
789 2356
812 2306
896 2145
906 2120
959 2022
1025 1920
1082 1831
1144 1747
1165 1723
1222 1652
1226 1649
1250 1624
1364 1515
1352 1524
1373 1505
1397 1479
1408 1471
1467 1427
1515 1390
1544 1370
1595 1332
1607 1328
1644 1305
1747 1244
1851 1195
2025 1117
2064 1098
2183 1056
2282 1024
2358 1001
2442 979
2474 966
2586 938
2761 897
2975 857
3181 826
3363 802
3510 784
