829 2290
2850 890
213 5126
67 7611
488 3291
1056 1896
2171 1059
269 4590
198 5379
251 4752
3348 805
258 4719
359 3937
442 3465
2291 1024
3286 813
126 6547
2941 866
452 3415
2924 871
245 4802
2439 978
2198 1053
257 4727
194 5408
252 4742
260 4718
365 3932
357 3969
3984 743
3950 745
1050 1897
2376 996
3424 795
181 5568
2789 897
2977 857
2683 917
3789 758
111 6603
2145 1068
3200 823
891 2167
1615 1318
3735 762
1822 1216
3499 789
376 3819
374 3887
215 5104
2970 858
3344 811
291 4438
13 9511
237 4945
55 7950
814 2316
1839 1198
3170 829
2746 900
270 4567
3700 769
897 2138
2615 932
2585 943
4252 732
206 5224
3241 816
220 5050
106 6703
3819 757
2454 970
1850 1194
1738 1247
4077 737
1061 1872
3044 848
3904 753
1320 1586
3712 764
40 8417
520 3129
660 2676
3515 783
2959 859
1789 1236
3909 748
3210 820
2873 875
824 2309
2139 1072
2374 998
471 3327
160 5777
36 8505
3391 798
277 4561
3 9995
0 10092
2820 892
1 10040
2462 969
169 5651
396 3703
377 3816
299 4338
4145 735
45 8193
1613 1319
830 2279
926 2080
2267 1034
3513 785
695 2603
2751 899
839 2259
35 8518
3390 800
350 3976
1765 1241
51 8014
466 3349
2398 986
722 2546
2489 961
770 2399
2740 901
249 4755
336 4068
281 4495
2619 928
383 3777
2396 992
1081 1829
216 5085
2942 864
1209 1666
2491 960
2130 1073
1201 1682
1480 1412
2097 1085
3089 838
2230 1047
2002 1123
151 5938
679 2640
4010 741
278 4499
656 2689
1175 1707
3831 754
1177 1703
146 6134
420 3582
779 2391
1980 1131
3635 771
534 3077
1859 1191
3400 796
3070 845
3077 839
1589 1361
588 2896
968 2005
475 3309
802 2327
347 3995
776 2398
1537 1370
2632 925
3202 821
407 3647
11 9534
2727 905
938 2059
1916 1159
77 7343
2147 1067
1611 1320
345 4008
18 9164
940 2054
235 5044
1569 1366
643 2788
136 6148
4254 729
1187 1691
745 2456
4042 739
86 7136
1213 1661
2057 1100
1625 1310
541 3051
571 2946
2391 993
2487 962
701 2566
4154 733
917 2096
159 5801
930 2072
837 2267
2640 924
1523 1378
218 5064
3707 765
148 5956
128 6283
924 2083
1695 1272
1726 1252
655 2690
575 2938
4267 728
3090 837
1083 1826
1925 1155
2885 872
1724 1254
2951 860
1208 1675
804 2322
1093 1812
185 5443
4059 738
2736 904
532 3084
1012 1932
451 3419
990 1989
1426 1453
1992 1126
1617 1315
1471 1417
1917 1158
309 4257
1370 1512
202 5239
768 2402
1354 1540
3425 793
1890 1170
1607 1327
2338 1004
297 4347
1016 1927
267 4593
3232 817
413 3610
1530 1373
584 2903
1720 1255
2309 1013
3922 747
102 6835
2645 923
456 3414
295 4405
316 4221
509 3174
567 2972
650 2722
674 2647
708 2553
735 2489
765 2412
780 2387
899 2134
1000 1956
1062 1859
1171 1714
1217 1659
1242 1635
1253 1621
1361 1515
1372 1503
1373 1502
1457 1432
1459 1428
1519 1390
1621 1314
1675 1284
1708 1262
1732 1250
1869 1183
2038 1114
2044 1108
2122 1077
2182 1057
2474 967
2601 936
2852 884
3174 827
3500 788
3616 775
3768 761
