696 2060
2910 779
2691 809
7 9141
2534 837
220 4190
1026 1579
18 8555
6 9219
328 3391
2044 956
337 3316
231 4110
847 1809
233 4106
2265 893
104 5795
113 5565
1902 1013
1923 995
124 5368
181 4573
1734 1057
46 7168
172 4681
2976 770
2744 801
3452 728
29 7835
687 2130
109 5651
245 3930
2627 824
3001 767
332 3346
51 7002
1542 1156
2183 916
2374 871
2711 806
223 4132
2331 877
22 8122
2804 795
1510 1160
1971 974
2591 825
169 4714
2920 776
1770 1040
429 2852
133 5257
2638 818
84 6119
87 6065
1969 975
3047 764
201 4367
3116 755
139 5128
2220 911
268 3747
11 8754
301 3531
79 6234
9 8894
192 4441
13 8664
129 5363
1937 990
438 2848
312 3450
1555 1150
888 1725
158 4879
497 2601
58 6791
148 4993
589 2326
225 4118
303 3507
20 8222
111 5587
2480 852
3104 761
428 2855
2838 787
357 3207
188 4485
367 3133
42 7309
56 6850
252 3902
78 6258
85 6103
2253 900
1763 1046
72 6408
2945 773
3307 740
1117 1456
315 3439
1042 1526
485 2636
805 1853
4 9275
64 6622
2958 772
941 1654
1553 1152
88 6031
774 1904
1032 1539
2296 885
2392 869
92 5956
2148 923
2700 807
190 4462
3601 720
2564 830
2009 961
985 1594
3578 721
2459 856
3321 737
690 2082
145 5108
2313 881
465 2702
3373 733
2908 783
1373 1239
820 1827
36 7533
580 2338
790 1875
3557 722
492 2607
199 4376
2493 843
942 1652
1401 1215
166 4752
1831 1021
862 1778
1608 1107
787 1879
446 2771
342 3271
538 2488
582 2332
3202 747
2825 788
156 4882
19 8273
894 1713
464 2705
1047 1520
2002 966
896 1711
5 9245
2074 942
3125 754
541 2479
516 2528
795 1865
450 2758
3387 732
1035 1534
378 3090
1308 1276
905 1698
2339 875
1974 971
1061 1504
577 2346
3493 726
2416 858
3402 731
38 7457
547 2442
1376 1230
3500 725
2004 962
262 3791
619 2254
1297 1284
1255 1316
605 2274
3466 727
1628 1098
1679 1078
50 7034
507 2557
2544 833
258 3821
3052 762
171 4689
912 1688
154 4909
238 3985
1684 1074
102 5805
53 6940
376 3098
292 3579
338 3294
70 6460
634 2199
945 1644
571 2363
2111 933
2716 804
1792 1032
597 2292
1332 1263
3017 765
371 3112
362 3160
174 4672
693 2064
202 4330
399 2972
602 2279
1069 1495
1205 1363
353 3210
59 6762
361 3165
822 1820
351 3220
979 1604
155 4897
221 4138
1806 1027
1245 1324
206 4288
295 3559
1610 1106
1095 1477
3114 758
2810 791
2840 786
1439 1193
2928 775
2755 798
246 3917
1746 1049
1468 1177
1411 1209
2566 829
2496 842
417 2889
2151 921
1210 1354
2275 890
511 2544
3628 719
880 1733
772 1906
236 4020
274 3732
330 3363
405 2955
444 2803
459 2740
487 2633
564 2390
629 2219
659 2147
700 2058
757 1945
817 1831
816 1836
874 1745
944 1648
1030 1542
1082 1486
1087 1480
1183 1384
1194 1377
1196 1370
1238 1336
1284 1295
1319 1269
1387 1224
1496 1166
1607 1111
1614 1105
1849 1015
1910 996
1984 970
2059 948
2260 897
2400 864
2483 846
2737 802
3248 745
3367 736
