433 3527
136 6497
226 5053
866 2229
40 8447
260 4734
229 5027
97 7295
39 8639
169 5950
115 6579
238 4913
2836 887
3154 828
65 7647
3419 794
2552 952
2685 918
265 4677
20 10025
3794 761
2940 865
3435 792
2223 1051
2530 955
2736 907
3134 833
2916 868
1846 1212
382 3790
3184 825
2297 1025
2564 948
819 2309
235 5014
134 6569
651 2717
3908 751
3729 767
1834 1214
49 8173
232 5026
1302 1590
2694 914
1616 1316
185 5492
3819 760
857 2261
69 7635
3064 847
3558 782
2710 912
3256 814
148 5956
376 3823
1791 1234
3492 786
2943 862
33 8747
2865 878
293 4449
197 5337
362 3944
297 4347
3997 744
692 2601
2303 1018
2387 991
3735 762
77 7343
3392 797
2313 1012
28 8763
1217 1657
720 2523
201 5252
248 4772
526 3117
1208 1668
719 2530
768 2402
2398 986
224 5054
1887 1174
700 2575
1615 1317
1330 1557
571 2946
188 5423
2018 1120
596 2891
2026 1114
64 7661
756 2443
70 7511
580 2916
2933 867
2491 960
1221 1655
2338 1004
653 2707
298 4343
798 2335
55 7902
4218 730
1580 1348
365 3925
2130 1073
2057 1100
3035 851
2038 1112
2608 933
1928 1156
2052 1102
537 3075
909 2114
3400 796
314 4246
3067 841
0 10092
2476 964
428 3580
111 6603
1 10026
1611 1323
1323 1563
806 2318
282 4483
1536 1370
2997 857
106 6703
924 2083
802 2330
3202 821
341 4046
3831 754
278 4499
417 3602
541 3051
4047 739
4154 733
750 2444
532 3084
2776 899
2428 985
625 2807
1688 1273
3950 745
249 4755
944 2053
1917 1158
3226 820
968 2005
705 2557
2613 930
396 3703
747 2455
1402 1473
2740 901
1698 1267
78 7328
137 6144
430 3534
4073 738
51 8014
1083 1826
1617 1315
2946 861
660 2676
1177 1703
1526 1376
310 4251
961 2028
218 5064
45 8193
1012 1932
1986 1129
4216 732
4241 729
655 2690
75 7495
1664 1288
1980 1131
668 2654
4267 728
2229 1044
383 3777
1886 1176
2309 1013
1777 1240
413 3610
520 3129
214 5239
199 5273
262 4707
23 8956
453 3415
472 3322
4010 741
1530 1373
354 3951
2951 860
3232 817
917 2096
2737 902
1213 1661
3425 793
466 3349
2487 963
350 3976
1675 1280
701 2566
1394 1480
915 2100
426 3583
3515 783
2619 928
1738 1248
804 2322
1471 1417
1992 1126
1606 1324
3077 839
189 5393
940 2054
584 2903
1210 1665
1625 1310
2147 1067
1093 1812
1426 1453
1289 1599
3924 748
347 3995
1074 1839
1720 1255
922 2090
1680 1277
475 3309
345 4008
658 2687
3090 837
399 3696
21 9188
1890 1170
2454 970
971 2000
2885 872
336 4068
2632 925
1724 1254
1523 1378
99 6980
170 5696
271 4612
315 4233
409 3670
442 3492
462 3390
477 3308
517 3149
561 2988
591 2893
652 2711
764 2417
780 2381
824 2298
903 2127
901 2134
933 2074
959 2032
1002 1950
1061 1866
1090 1824
1104 1803
1140 1759
1164 1723
1227 1651
1248 1633
1342 1537
1352 1523
1384 1493
1459 1434
1461 1432
1502 1395
1541 1368
1603 1327
1745 1246
1860 1186
2008 1122
2065 1099
2174 1060
2263 1030
2331 1007
2448 978
2590 938
2849 880
3378 803
3629 774
3732 764
