2249 1334
506 4167
751 3263
595 3723
2823 1116
4274 882
437 4459
4030 898
752 3248
404 4696
220 6260
787 3079
584 3754
110 7752
4086 887
310 5377
2676 1170
577 3819
417 4661
893 2807
5 10293
2244 1354
1039 2505
2657 1178
259 5895
364 5025
147 7170
2113 1400
3512 969
2734 1145
2560 1205
298 5421
2803 1129
2124 1395
2218 1364
167 6825
1344 2012
1558 1797
851 2926
3770 924
2715 1156
3335 992
74 8375
3188 1023
878 2909
2093 1409
2891 1103
2466 1245
1047 2486
3617 943
1004 2583
141 7240
2740 1139
255 5948
3087 1054
91 8111
3180 1028
3879 914
3163 1031
3481 970
132 7322
2914 1088
4475 852
1013 2571
3834 916
2045 1432
1173 2260
4524 849
26 9500
4719 836
42 9058
171 6790
3553 966
2519 1216
264 5716
62 8604
4685 838
3419 978
2160 1390
3120 1038
104 7908
262 5791
6 10170
207 6314
4383 859
133 7309
2010 1454
385 4829
493 4195
1277 2118
1334 2030
448 4401
932 2732
304 5418
1112 2361
153 7024
46 9039
4756 834
2176 1387
4621 842
24 9539
248 5976
4100 884
627 3577
1273 2119
238 5987
933 2720
2920 1086
1 10393
526 3996
3025 1070
4379 860
1338 2023
2013 1452
2804 1119
3570 964
1880 1543
3584 948
1182 2252
1100 2380
469 4282
1613 1736
3114 1041
4777 833
3707 934
33 9290
1818 1574
1164 2273
519 4070
655 3539
1623 1722
2764 1131
936 2698
1635 1712
563 3851
265 5709
2042 1433
1643 1707
4275 868
121 7499
1618 1727
4610 843
1051 2468
693 3355
236 5996
889 2809
688 3369
675 3411
292 5460
3577 950
546 3904
2909 1089
450 4381
1396 1950
21 9634
628 3574
1068 2436
272 5640
1278 2101
375 4839
2535 1207
3191 1021
4737 835
230 6213
4110 883
341 5092
632 3558
4800 832
626 3580
160 6927
1167 2269
3914 904
1994 1471
920 2734
3623 942
9 10070
397 4706
72 8390
444 4415
329 5171
2018 1445
802 3027
1621 1724
190 6529
2903 1091
0 10446
3721 928
524 4003
3203 1018
28 9426
3398 979
2899 1095
4448 854
1349 2009
337 5108
151 7037
3210 1016
232 6038
670 3425
80 8230
1498 1863
3736 926
3124 1035
165 6841
558 3852
2314 1297
2524 1211
3365 985
1392 1953
1943 1490
1624 1721
1107 2368
209 6291
2810 1118
1670 1689
1174 2257
1683 1673
374 4882
819 2992
468 4283
887 2811
2490 1224
3616 944
1303 2066
1779 1601
326 5187
1678 1677
1810 1580
2327 1290
2309 1298
2046 1429
941 2687
395 4709
294 5443
689 3363
4531 848
3880 908
673 3415
2751 1135
790 3060
2492 1223
4040 890
1342 2014
1814 1576
1053 2463
1638 1709
2298 1303
336 5112
2773 1130
205 6390
285 5561
323 5254
339 5100
443 4447
464 4337
515 4081
617 3645
665 3446
779 3096
798 3043
834 2962
879 2837
948 2682
966 2641
1022 2537
1041 2489
1099 2391
1152 2297
1252 2148
1266 2128
1302 2079
1341 2022
1357 2000
1403 1946
1425 1930
1429 1921
1569 1777
1594 1756
1605 1747
1647 1704
1706 1658
1774 1606
1841 1561
1899 1526
1952 1489
1996 1460
2057 1427
2090 1411
2265 1322
2350 1282
2374 1273
2484 1230
2578 1194
2700 1157
2944 1080
3060 1061
3116 1040
3354 990
3436 976
4002 900
