4233 825
3766 867
114 7197
154 6576
4150 832
243 5367
122 7137
368 4358
2733 1051
2616 1064
3373 921
3426 918
25 9200
3439 917
2450 1127
3132 959
226 5560
216 5621
137 6676
1314 1853
289 4933
2521 1097
3118 962
2517 1099
357 4464
1460 1745
340 4517
841 2566
1175 2048
1704 1495
268 5161
3516 897
260 5214
721 2873
3514 898
3448 912
156 6392
3623 885
3664 876
1469 1717
1188 2001
3026 970
1418 1762
1 10182
444 3867
1004 2256
458 3827
427 3988
4030 838
11 9717
2 10137
66 8064
125 6975
2471 1116
3882 854
170 6243
4465 810
1648 1536
74 7880
2645 1059
88 7581
321 4697
432 3944
3778 865
38 8795
139 6640
1153 2071
439 3914
568 3314
3 10075
284 4957
2818 1015
450 3861
565 3350
1379 1826
10 9760
3025 971
54 8532
2891 997
849 2551
6 10009
4603 802
845 2555
3299 925
4521 805
566 3323
3625 880
9 9834
2545 1085
3308 923
15 9582
224 5568
576 3300
842 2562
198 5864
20 9413
2543 1086
3259 932
2157 1225
17 9477
230 5454
2808 1018
1947 1329
1929 1339
2068 1275
24 9227
1937 1337
421 3999
375 4277
2981 991
4481 807
18 9439
123 7015
189 5936
3676 874
4373 813
327 4685
606 3189
948 2350
127 6838
388 4196
2526 1091
33 8943
587 3247
157 6380
3231 937
1759 1450
47 8547
1723 1473
249 5261
4514 806
4309 817
390 4181
3034 968
4179 826
4246 822
2553 1081
374 4279
3476 899
1650 1527
389 4182
79 7770
14 9622
205 5848
2787 1022
247 5363
1837 1417
545 3492
3298 926
103 7282
2894 996
278 5005
277 5007
3243 933
3045 966
253 5223
572 3312
155 6399
501 3591
1780 1442
334 4576
1595 1571
133 6736
302 4896
999 2263
706 2892
2323 1159
1863 1378
2122 1241
4236 823
1857 1383
1332 1828
937 2370
592 3236
942 2369
218 5586
1583 1581
1330 1837
1541 1618
2223 1197
3784 862
442 3877
72 8041
193 5886
590 3237
0 10226
2609 1065
493 3623
1847 1388
4596 803
2184 1213
2288 1172
192 5918
1246 1916
19 9427
2322 1161
1748 1456
386 4201
1019 2231
1116 2086
2116 1244
2219 1198
844 2556
1092 2145
1283 1874
1751 1452
521 3525
4249 821
779 2706
3315 922
310 4741
177 6092
784 2694
2885 999
1908 1351
1527 1630
724 2844
2315 1163
419 4002
59 8243
89 7578
2792 1019
1958 1323
682 2958
2533 1087
964 2335
4041 837
1113 2090
499 3595
972 2308
676 2975
3521 893
2620 1062
567 3317
377 4263
316 4707
2831 1010
1198 1976
607 3182
106 7268
4610 801
798 2685
1272 1885
2135 1235
91 7565
681 2971
513 3533
2326 1156
2294 1168
843 2558
213 5663
238 5440
276 5084
305 4796
346 4492
416 4036
434 3938
498 3622
585 3267
597 3224
628 3123
670 3005
704 2900
739 2822
774 2723
872 2506
915 2420
1018 2235
1099 2118
1097 2120
1195 1982
1244 1921
1292 1873
1296 1864
1317 1847
1475 1687
1493 1670
1502 1656
1557 1606
1577 1587
1666 1519
1838 1397
1844 1393
1921 1345
2093 1256
2208 1207
2215 1202
2305 1165
2353 1151
2373 1147
2502 1100
2525 1093
2752 1032
3006 975
3024 972
3076 964
3454 903
3581 888
3909 851
4426 812
