561 3435
1441 1769
3004 979
265 5210
462 3846
35 9051
3983 846
2348 1149
3895 854
2691 1056
368 4347
474 3758
223 5613
109 7497
1488 1688
1463 1721
2859 1009
13 9649
171 6321
438 3906
3717 875
453 3854
296 4866
2316 1160
166 6333
23 9268
841 2567
1376 1803
1169 2059
3115 957
2720 1053
4244 823
2432 1138
3236 941
7 9987
3284 929
842 2566
1195 1984
3585 889
269 5128
2782 1030
58 8742
420 3997
2785 1021
243 5331
89 7708
281 4973
363 4390
431 3940
1422 1780
143 6602
277 5007
141 6696
1413 1786
315 4714
2597 1069
196 5863
423 3990
193 5886
968 2325
998 2273
1421 1781
3920 849
556 3442
4364 814
340 4517
390 4184
3134 952
448 3867
4290 820
2310 1162
1184 2003
3664 876
4031 838
3515 896
3024 971
576 3308
657 3091
1802 1423
2476 1108
4023 843
790 2687
3443 905
784 2694
257 5212
19 9419
826 2596
4407 811
2098 1261
4309 817
427 3961
2613 1064
20 9365
3625 880
373 4302
1872 1375
17 9477
1919 1345
256 5216
3042 967
2157 1225
135 6712
4573 803
2219 1198
520 3521
2116 1244
951 2348
2508 1099
569 3315
4554 807
2825 1018
321 4684
2330 1155
127 6838
1824 1405
177 6092
2609 1065
40 8774
1320 1844
3836 860
2074 1289
3837 857
442 3877
2531 1088
236 5391
1947 1329
22 9294
395 4160
948 2350
1750 1454
618 3177
570 3309
4249 821
2831 1010
565 3325
1912 1350
3084 962
1052 2210
999 2263
2620 1062
393 4174
230 5454
1459 1755
1929 1339
2215 1204
4088 836
4101 832
3045 966
587 3247
4160 828
1855 1385
1925 1343
331 4583
1206 1968
1300 1864
1958 1323
1595 1571
1726 1470
1650 1527
2 10124
1003 2257
3521 893
3411 909
2450 1128
1569 1593
1021 2229
175 6119
3308 923
1525 1633
682 2958
678 2971
1253 1911
377 4270
374 4279
1908 1351
567 3317
538 3509
253 5223
972 2308
676 2975
1667 1523
2792 1019
24 9227
1113 2090
2886 999
2547 1083
2184 1213
507 3559
3931 847
1019 2231
1246 1916
1111 2093
1725 1478
204 5803
2287 1174
607 3182
1724 1484
706 2892
2326 1156
843 2558
2288 1171
729 2831
1509 1658
937 2370
590 3237
3841 856
3034 968
1527 1630
3476 899
2553 1081
499 3595
3222 942
2533 1087
433 3925
2122 1241
21 9329
513 3533
133 6736
189 5936
4 10028
4586 802
1863 1378
419 4002
1730 1467
1272 1885
3617 883
249 5261
0 10226
602 3198
3243 933
489 3642
608 3181
847 2551
3784 862
1123 2076
1198 1976
4179 826
493 3623
59 8237
192 5931
4041 837
1753 1451
1751 1452
3623 881
2894 996
779 2706
4610 801
2467 1116
138 6707
155 6399
1537 1621
2294 1168
1847 1388
82 7904
174 6184
211 5705
274 5088
305 4805
349 4490
417 4041
482 3687
564 3342
581 3276
601 3210
626 3134
664 3021
699 2914
732 2830
824 2612
835 2582
860 2535
911 2424
982 2294
991 2279
1098 2117
1122 2084
1192 2000
1244 1922
1281 1877
1295 1866
1327 1836
1471 1691
1499 1659
1515 1648
1563 1608
1588 1579
1640 1537
1749 1456
1844 1393
1988 1311
2089 1262
2103 1256
2141 1237
2218 1200
2367 1143
2503 1101
2522 1093
2726 1036
3020 972
3306 926
