35
0 1 57 61
0 2 18 26
0 3 74 76
0 4 59 55
0 5 34 34
0 6 42 49
0 7 18 20
0 8 20 19
0 9 63 67
0 10 67 59
0 11 19 26
0 12 42 42
0 13 45 43
0 14 95 93
0 15 57 52
0 16 48 55
0 17 93 90
0 18 45 41
0 19 86 81
0 20 97 84
0 21 60 56
0 22 32 35
0 23 59 51
0 24 35 33
0 25 25 23
0 26 15 24
0 27 60 65
0 28 40 46
0 29 48 55
0 30 86 76
0 31 99 98
0 32 21 28
0 33 80 72
0 34 43 50
1 2 27 33
1 3 26 31
1 4 26 31
1 5 34 33
1 6 33 37
1 7 50 49
1 8 25 33
1 9 39 43
1 10 62 57
1 11 56 57
1 12 69 64
1 13 8 7
1 14 61 54
1 15 37 41
1 16 92 92
1 17 71 65
1 18 9 21
1 19 65 59
1 20 28 28
1 21 6 14
1 22 72 62
1 23 16 16
1 24 40 34
1 25 64 56
1 26 37 41
1 27 28 28
1 28 22 20
1 29 38 42
1 30 66 70
1 31 2 8
1 32 91 79
1 33 99 96
1 34 35 44
2 3 83 72
2 4 10 8
2 5 89 81
2 6 27 35
2 7 28 26
2 8 30 37
2 9 35 37
2 10 34 43
2 11 30 28
2 12 69 72
2 13 74 65
2 14 78 71
2 15 78 71
2 16 75 69
2 17 53 54
2 18 72 72
2 19 81 69
2 20 62 57
2 21 37 45
2 22 3 13
2 23 19 26
2 24 16 22
2 25 98 86
2 26 88 87
2 27 16 28
2 28 91 91
2 29 39 47
2 30 30 27
2 31 74 66
2 32 11 24
2 33 21 23
2 34 24 33
3 4 44 52
3 5 5 6
3 6 49 48
3 7 17 19
3 8 93 81
3 9 27 31
3 10 25 36
3 11 88 75
3 12 22 32
3 13 22 33
3 14 56 60
3 15 59 53
3 16 51 54
3 17 87 81
3 18 98 95
3 19 82 72
3 20 23 32
3 21 64 63
3 22 18 16
3 23 60 54
3 24 80 80
3 25 39 43
3 26 31 26
3 27 96 96
3 28 78 80
3 29 86 76
3 30 24 22
3 31 23 23
3 32 43 42
3 33 3 17
3 34 19 28
4 5 49 56
4 6 84 84
4 7 44 51
4 8 61 57
4 9 89 79
4 10 84 80
4 11 77 78
4 12 18 18
4 13 98 83
4 14 88 89
4 15 93 80
4 16 41 38
4 17 50 45
4 18 2 16
4 19 46 53
4 20 52 48
4 21 73 67
4 22 38 38
4 23 68 73
4 24 31 34
4 25 34 39
4 26 88 76
4 27 96 87
4 28 13 22
4 29 20 22
4 30 33 38
4 31 50 43
4 32 63 56
4 33 13 19
4 34 63 56
5 6 3 8
5 7 77 66
5 8 82 83
5 9 4 10
5 10 11 17
5 11 84 72
5 12 65 65
5 13 2 7
5 14 15 16
5 15 36 42
5 16 68 73
5 17 3 9
5 18 51 51
5 19 66 56
5 20 98 91
5 21 24 27
5 22 13 19
5 23 18 22
5 24 97 95
5 25 76 69
5 26 79 68
5 27 18 18
5 28 9 13
5 29 59 51
5 30 23 24
5 31 72 74
5 32 90 79
5 33 8 17
5 34 71 74
6 7 27 27
6 8 61 59
6 9 88 82
6 10 96 84
6 11 25 27
6 12 85 85
6 13 2 3
6 14 37 39
6 15 43 40
6 16 50 56
6 17 82 84
6 18 78 72
6 19 91 82
6 20 35 42
6 21 46 49
6 22 74 70
6 23 24 34
6 24 26 32
6 25 81 84
6 26 85 77
6 27 43 48
6 28 99 92
6 29 55 54
6 30 42 49
6 31 54 54
6 32 32 36
6 33 93 92
6 34 97 86
7 8 61 57
7 9 0 8
7 10 51 53
7 11 72 74
7 12 73 73
7 13 39 37
7 14 65 60
7 15 67 63
7 16 23 28
7 17 41 40
7 18 6 8
7 19 82 71
7 20 74 73
7 21 16 21
7 22 20 25
7 23 81 73
7 24 20 23
7 25 5 17
7 26 53 54
7 27 23 27
7 28 19 17
7 29 45 45
7 30 53 48
7 31 27 30
7 32 65 65
7 33 42 47
7 34 33 38
8 9 28 38
8 10 83 76
8 11 97 88
8 12 80 79
8 13 42 40
8 14 44 49
8 15 33 43
8 16 56 59
8 17 9 13
8 18 81 69
8 19 38 45
8 20 83 72
8 21 35 40
8 22 49 48
8 23 59 61
8 24 61 59
8 25 95 89
8 26 81 80
8 27 89 87
8 28 31 37
8 29 99 97
8 30 80 69
8 31 13 21
8 32 79 70
8 33 39 43
8 34 16 18
9 10 97 96
9 11 7 13
9 12 6 15
9 13 38 34
9 14 95 89
9 15 15 13
9 16 6 11
9 17 78 80
9 18 46 40
9 19 68 57
9 20 91 91
9 21 7 15
9 22 63 68
9 23 93 82
9 24 86 86
9 25 35 34
9 26 99 85
9 27 53 55
9 28 54 54
9 29 94 80
9 30 61 66
9 31 93 90
9 32 63 64
9 33 19 19
9 34 20 27
10 11 60 53
10 12 71 64
10 13 26 36
10 14 79 80
10 15 36 39
10 16 67 68
10 17 28 30
10 18 24 33
10 19 66 69
10 20 83 73
10 21 59 59
10 22 84 81
10 23 85 84
10 24 1 6
10 25 18 20
10 26 92 93
10 27 41 39
10 28 81 74
10 29 61 65
10 30 85 85
10 31 56 52
10 32 33 30
10 33 66 63
10 34 62 65
11 12 78 68
11 13 32 42
11 14 20 20
11 15 74 66
11 16 77 75
11 17 10 15
11 18 87 85
11 19 78 76
11 20 10 21
11 21 68 63
11 22 49 49
11 23 28 39
11 24 44 45
11 25 100 86
11 26 6 8
11 27 31 28
11 28 92 91
11 29 84 78
11 30 93 85
11 31 16 24
11 32 81 71
11 33 1 11
11 34 74 77
12 13 85 82
12 14 96 89
12 15 2 4
12 16 69 70
12 17 66 62
12 18 32 30
12 19 45 53
12 20 38 34
12 21 2 7
12 22 15 15
12 23 36 37
12 24 99 85
12 25 3 5
12 26 70 66
12 27 85 74
12 28 2 16
12 29 77 72
12 30 47 41
12 31 57 61
12 32 18 24
12 33 91 88
12 34 24 31
13 14 91 80
13 15 55 47
13 16 83 77
13 17 50 49
13 18 88 79
13 19 40 40
13 20 54 50
13 21 40 43
13 22 74 63
13 23 20 20
13 24 25 28
13 25 69 70
13 26 56 61
13 27 10 18
13 28 4 14
13 29 68 63
13 30 87 79
13 31 20 17
13 32 100 88
13 33 80 81
13 34 87 86
14 15 30 28
14 16 28 28
14 17 6 7
14 18 39 37
14 19 81 73
14 20 85 73
14 21 38 43
14 22 85 86
14 23 86 83
14 24 70 70
14 25 89 76
14 26 11 22
14 27 14 14
14 28 66 60
14 29 86 81
14 30 91 91
14 31 44 46
14 32 70 61
14 33 54 48
14 34 67 61
15 16 57 63
15 17 50 53
15 18 34 36
15 19 94 90
15 20 68 61
15 21 65 60
15 22 12 23
15 23 9 19
15 24 14 17
15 25 7 16
15 26 63 60
15 27 60 63
15 28 38 47
15 29 71 70
15 30 4 12
15 31 38 33
15 32 9 13
15 33 90 80
15 34 18 18
16 17 52 59
16 18 87 83
16 19 44 41
16 20 26 22
16 21 17 21
16 22 59 61
16 23 49 51
16 24 93 90
16 25 1 11
16 26 59 61
16 27 72 68
16 28 78 79
16 29 17 16
16 30 47 52
16 31 47 45
16 32 51 44
16 33 80 79
16 34 43 47
17 18 46 42
17 19 45 49
17 20 36 33
17 21 33 42
17 22 98 93
17 23 82 76
17 24 56 49
17 25 96 88
17 26 23 30
17 27 69 62
17 28 48 42
17 29 78 78
17 30 35 33
17 31 31 32
17 32 96 90
17 33 10 16
17 34 4 10
18 19 85 87
18 20 67 61
18 21 26 27
18 22 56 56
18 23 56 48
18 24 17 24
18 25 76 79
18 26 1 2
18 27 5 13
18 28 100 94
18 29 85 82
18 30 39 38
18 31 64 68
18 32 82 71
18 33 62 55
18 34 12 18
19 20 24 31
19 21 44 42
19 22 88 84
19 23 22 28
19 24 20 31
19 25 91 81
19 26 74 66
19 27 57 59
19 28 89 85
19 29 56 53
19 30 13 20
19 31 55 57
19 32 88 79
19 33 61 56
19 34 97 84
20 21 54 54
20 22 67 70
20 23 65 68
20 24 56 60
20 25 56 54
20 26 55 51
20 27 2 13
20 28 60 61
20 29 90 80
20 30 69 67
20 31 46 40
20 32 50 44
20 33 67 57
20 34 90 91
21 22 7 12
21 23 47 47
21 24 52 45
21 25 57 61
21 26 36 34
21 27 23 23
21 28 90 86
21 29 84 73
21 30 92 80
21 31 60 52
21 32 87 88
21 33 39 44
21 34 45 39
22 23 51 45
22 24 31 31
22 25 30 27
22 26 97 91
22 27 22 20
22 28 68 59
22 29 9 19
22 30 74 74
22 31 40 42
22 32 91 91
22 33 98 85
22 34 32 40
23 24 80 81
23 25 18 25
23 26 37 34
23 27 17 19
23 28 20 24
23 29 80 70
23 30 14 26
23 31 35 43
23 32 9 15
23 33 60 60
23 34 68 69
24 25 78 74
24 26 81 78
24 27 21 24
24 28 77 79
24 29 52 45
24 30 88 87
24 31 47 49
24 32 74 64
24 33 2 10
24 34 32 38
25 26 86 84
25 27 16 17
25 28 53 54
25 29 3 15
25 30 20 27
25 31 26 28
25 32 81 76
25 33 76 75
25 34 16 22
26 27 27 30
26 28 17 23
26 29 41 50
26 30 61 65
26 31 75 72
26 32 21 31
26 33 42 45
26 34 14 14
27 28 49 53
27 29 35 35
27 30 21 26
27 31 23 34
27 32 67 71
27 33 86 85
27 34 22 27
28 29 18 19
28 30 20 26
28 31 88 89
28 32 42 40
28 33 20 28
28 34 83 77
29 30 61 62
29 31 28 33
29 32 88 76
29 33 44 48
29 34 60 54
30 31 59 60
30 32 0 8
30 33 16 23
30 34 4 4
31 32 1 1
31 33 15 25
31 34 95 92
32 33 44 46
32 34 1 8
33 34 21 27
