50
0 1 74 57
0 2 4 9
0 3 84 88
0 4 84 28
0 5 78 81
0 6 76 93
0 7 86 54
0 8 77 61
0 9 91 49
0 10 74 93
0 11 83 50
0 12 28 51
0 13 55 35
0 14 97 69
0 15 66 64
0 16 11 76
0 17 49 49
0 18 56 56
0 19 78 44
0 20 51 32
0 21 98 30
0 22 85 18
0 23 48 62
0 24 57 80
0 25 52 80
0 26 68 16
0 27 35 34
0 28 53 12
0 29 59 38
0 30 23 42
0 31 65 73
0 32 50 22
0 33 18 75
0 34 70 19
0 35 56 23
0 36 20 37
0 37 54 13
0 38 27 78
0 39 84 86
0 40 66 57
0 41 49 80
0 42 61 51
0 43 9 33
0 44 37 87
0 45 100 87
0 46 32 8
0 47 59 32
0 48 41 47
0 49 66 65
1 2 46 31
1 3 42 82
1 4 47 9
1 5 49 24
1 6 6 27
1 7 84 43
1 8 98 66
1 9 14 40
1 10 22 59
1 11 24 36
1 12 65 36
1 13 93 42
1 14 80 33
1 15 8 10
1 16 19 16
1 17 20 46
1 18 75 38
1 19 56 14
1 20 10 75
1 21 79 21
1 22 81 32
1 23 16 18
1 24 42 65
1 25 84 35
1 26 42 63
1 27 1 40
1 28 57 91
1 29 56 28
1 30 81 93
1 31 94 85
1 32 20 17
1 33 50 88
1 34 12 78
1 35 17 48
1 36 36 28
1 37 63 18
1 38 96 93
1 39 55 57
1 40 38 74
1 41 80 83
1 42 31 35
1 43 15 41
1 44 49 89
1 45 42 77
1 46 50 23
1 47 65 36
1 48 77 28
1 49 23 24
2 3 38 86
2 4 44 66
2 5 36 73
2 6 87 23
2 7 82 68
2 8 75 40
2 9 11 7
2 10 95 91
2 11 16 35
2 12 45 28
2 13 50 54
2 14 54 67
2 15 6 33
2 16 2 25
2 17 68 80
2 18 38 73
2 19 70 25
2 20 46 16
2 21 99 57
2 22 47 19
2 23 50 90
2 24 0 49
2 25 88 87
2 26 10 71
2 27 72 44
2 28 49 46
2 29 74 38
2 30 49 84
2 31 37 52
2 32 67 49
2 33 25 18
2 34 79 46
2 35 76 38
2 36 22 50
2 37 46 85
2 38 39 63
2 39 76 86
2 40 82 86
2 41 79 54
2 42 57 52
2 43 4 37
2 44 72 82
2 45 55 79
2 46 36 10
2 47 1 24
2 48 84 28
2 49 76 86
3 4 78 37
3 5 89 48
3 6 3 54
3 7 31 19
3 8 59 84
3 9 11 79
3 10 32 53
3 11 87 47
3 12 55 40
3 13 2 70
3 14 45 22
3 15 98 75
3 16 27 71
3 17 45 67
3 18 78 68
3 19 97 68
3 20 13 36
3 21 16 7
3 22 41 62
3 23 81 81
3 24 77 25
3 25 61 49
3 26 3 11
3 27 57 51
3 28 36 28
3 29 31 23
3 30 35 24
3 31 23 67
3 32 59 88
3 33 55 36
3 34 13 79
3 35 66 57
3 36 69 19
3 37 64 64
3 38 50 88
3 39 56 41
3 40 37 54
3 41 57 18
3 42 96 48
3 43 4 20
3 44 81 19
3 45 23 71
3 46 36 63
3 47 89 69
3 48 92 27
3 49 61 18
4 5 86 65
4 6 49 78
4 7 30 23
4 8 79 81
4 9 67 28
4 10 53 48
4 11 12 61
4 12 33 77
4 13 0 76
4 14 42 70
4 15 22 23
4 16 21 65
4 17 86 97
4 18 23 49
4 19 10 56
4 20 48 78
4 21 45 41
4 22 44 57
4 23 89 75
4 24 22 40
4 25 73 46
4 26 99 74
4 27 62 42
4 28 10 16
4 29 49 72
4 30 61 85
4 31 12 4
4 32 26 48
4 33 3 16
4 34 25 64
4 35 3 17
4 36 16 61
4 37 61 27
4 38 44 83
4 39 30 40
4 40 39 31
4 41 83 95
4 42 40 28
4 43 77 33
4 44 32 38
4 45 21 78
4 46 56 64
4 47 33 26
4 48 33 50
4 49 89 59
5 6 98 43
5 7 35 41
5 8 3 49
5 9 91 24
5 10 65 63
5 11 33 55
5 12 87 54
5 13 17 35
5 14 28 32
5 15 88 95
5 16 7 67
5 17 23 49
5 18 27 37
5 19 50 51
5 20 44 31
5 21 45 42
5 22 16 30
5 23 28 70
5 24 39 21
5 25 87 84
5 26 23 25
5 27 26 77
5 28 77 71
5 29 90 60
5 30 31 48
5 31 36 19
5 32 70 25
5 33 13 70
5 34 94 64
5 35 52 41
5 36 85 44
5 37 85 64
5 38 44 43
5 39 51 82
5 40 84 82
5 41 20 32
5 42 70 60
5 43 70 56
5 44 26 50
5 45 41 87
5 46 79 52
5 47 46 28
5 48 50 16
5 49 54 60
6 7 34 39
6 8 14 34
6 9 46 76
6 10 32 33
6 11 53 42
6 12 78 53
6 13 5 40
6 14 19 23
6 15 43 43
6 16 85 31
6 17 95 39
6 18 86 38
6 19 56 77
6 20 36 37
6 21 95 77
6 22 61 53
6 23 78 77
6 24 33 36
6 25 90 90
6 26 45 44
6 27 21 66
6 28 59 16
6 29 71 44
6 30 86 74
6 31 9 68
6 32 38 20
6 33 93 79
6 34 17 44
6 35 66 52
6 36 64 77
6 37 71 15
6 38 50 26
6 39 65 62
6 40 92 87
6 41 4 9
6 42 40 62
6 43 72 27
6 44 20 28
6 45 85 47
6 46 93 43
6 47 3 10
6 48 70 41
6 49 2 52
7 8 44 67
7 9 2 65
7 10 93 71
7 11 42 79
7 12 6 48
7 13 45 80
7 14 24 79
7 15 40 11
7 16 6 76
7 17 4 42
7 18 34 74
7 19 23 37
7 20 41 51
7 21 11 34
7 22 67 19
7 23 86 49
7 24 69 31
7 25 51 63
7 26 30 72
7 27 18 70
7 28 75 41
7 29 43 55
7 30 52 82
7 31 63 30
7 32 61 22
7 33 5 36
7 34 78 67
7 35 63 49
7 36 21 38
7 37 0 34
7 38 50 38
7 39 66 63
7 40 37 43
7 41 28 35
7 42 72 87
7 43 34 81
7 44 52 75
7 45 81 56
7 46 12 80
7 47 78 59
7 48 15 52
7 49 55 52
8 9 3 50
8 10 98 99
8 11 24 56
8 12 6 56
8 13 55 43
8 14 60 67
8 15 47 84
8 16 39 21
8 17 52 47
8 18 69 21
8 19 6 34
8 20 60 83
8 21 20 72
8 22 9 31
8 23 13 28
8 24 64 40
8 25 74 84
8 26 84 37
8 27 81 87
8 28 13 82
8 29 38 17
8 30 88 50
8 31 93 62
8 32 84 57
8 33 62 65
8 34 18 82
8 35 68 74
8 36 70 90
8 37 8 79
8 38 89 28
8 39 59 28
8 40 56 76
8 41 4 11
8 42 5 19
8 43 15 82
8 44 16 75
8 45 8 46
8 46 40 83
8 47 49 89
8 48 48 22
8 49 11 28
9 10 39 23
9 11 15 27
9 12 5 1
9 13 56 43
9 14 31 82
9 15 6 78
9 16 6 42
9 17 42 16
9 18 77 82
9 19 76 24
9 20 90 39
9 21 45 47
9 22 21 17
9 23 10 9
9 24 23 68
9 25 86 40
9 26 12 23
9 27 35 35
9 28 57 15
9 29 63 71
9 30 73 52
9 31 74 35
9 32 30 50
9 33 11 43
9 34 99 82
9 35 46 75
9 36 67 81
9 37 98 59
9 38 91 47
9 39 2 71
9 40 49 67
9 41 78 41
9 42 93 53
9 43 44 53
9 44 17 33
9 45 35 24
9 46 92 87
9 47 28 14
9 48 42 40
9 49 30 51
10 11 12 76
10 12 10 41
10 13 48 60
10 14 1 22
10 15 71 59
10 16 3 2
10 17 70 61
10 18 62 44
10 19 84 61
10 20 91 33
10 21 53 74
10 22 41 80
10 23 37 76
10 24 31 41
10 25 31 46
10 26 54 39
10 27 7 77
10 28 48 80
10 29 68 27
10 30 3 69
10 31 88 40
10 32 73 80
10 33 39 53
10 34 32 9
10 35 63 71
10 36 89 84
10 37 89 76
10 38 95 88
10 39 96 56
10 40 65 75
10 41 59 67
10 42 61 20
10 43 59 89
10 44 9 51
10 45 9 25
10 46 78 82
10 47 17 67
10 48 98 52
10 49 3 45
11 12 63 56
11 13 37 11
11 14 28 65
11 15 36 68
11 16 47 36
11 17 28 82
11 18 28 56
11 19 90 18
11 20 68 56
11 21 47 64
11 22 52 20
11 23 94 66
11 24 54 51
11 25 41 74
11 26 42 45
11 27 55 74
11 28 20 82
11 29 35 36
11 30 53 36
11 31 57 26
11 32 13 23
11 33 10 40
11 34 36 46
11 35 31 55
11 36 82 28
11 37 57 88
11 38 63 69
11 39 13 75
11 40 36 47
11 41 73 67
11 42 28 44
11 43 50 60
11 44 70 46
11 45 95 75
11 46 42 36
11 47 94 69
11 48 18 50
11 49 43 22
12 13 54 41
12 14 92 56
12 15 42 53
12 16 50 39
12 17 73 54
12 18 81 20
12 19 7 49
12 20 20 5
12 21 12 21
12 22 97 98
12 23 15 69
12 24 77 21
12 25 24 74
12 26 71 28
12 27 100 97
12 28 46 60
12 29 21 62
12 30 64 39
12 31 56 89
12 32 37 49
12 33 33 25
12 34 37 69
12 35 53 70
12 36 28 18
12 37 1 14
12 38 24 73
12 39 93 38
12 40 48 28
12 41 46 43
12 42 81 91
12 43 97 77
12 44 7 73
12 45 88 88
12 46 87 91
12 47 24 26
12 48 83 90
12 49 4 61
13 14 26 21
13 15 62 75
13 16 5 40
13 17 41 80
13 18 84 46
13 19 50 53
13 20 37 50
13 21 11 46
13 22 94 77
13 23 86 68
13 24 82 34
13 25 92 66
13 26 13 15
13 27 66 33
13 28 16 14
13 29 13 10
13 30 24 10
13 31 98 45
13 32 71 54
13 33 44 81
13 34 87 72
13 35 37 24
13 36 18 79
13 37 46 59
13 38 73 60
13 39 52 83
13 40 19 79
13 41 3 47
13 42 8 64
13 43 77 81
13 44 97 85
13 45 67 72
13 46 0 8
13 47 85 18
13 48 9 54
13 49 43 22
14 15 18 30
14 16 80 38
14 17 92 74
14 18 41 80
14 19 26 8
14 20 5 65
14 21 76 52
14 22 49 56
14 23 61 89
14 24 79 88
14 25 54 22
14 26 7 54
14 27 52 78
14 28 30 14
14 29 51 85
14 30 69 22
14 31 35 44
14 32 55 28
14 33 88 30
14 34 55 66
14 35 68 48
14 36 81 90
14 37 66 45
14 38 92 86
14 39 78 83
14 40 40 85
14 41 98 34
14 42 74 46
14 43 90 62
14 44 75 87
14 45 72 69
14 46 68 14
14 47 42 21
14 48 75 61
14 49 28 6
15 16 100 83
15 17 59 24
15 18 0 34
15 19 82 35
15 20 26 6
15 21 12 10
15 22 13 75
15 23 63 61
15 24 2 1
15 25 31 71
15 26 79 78
15 27 95 94
15 28 31 46
15 29 70 46
15 30 52 24
15 31 41 43
15 32 61 56
15 33 8 41
15 34 16 67
15 35 71 50
15 36 63 52
15 37 77 17
15 38 51 19
15 39 15 19
15 40 71 81
15 41 32 26
15 42 59 67
15 43 69 19
15 44 6 5
15 45 68 21
15 46 68 51
15 47 80 80
15 48 38 65
15 49 59 88
16 17 9 81
16 18 75 31
16 19 24 9
16 20 90 52
16 21 11 74
16 22 53 26
16 23 40 87
16 24 71 28
16 25 61 55
16 26 17 25
16 27 96 38
16 28 83 39
16 29 40 77
16 30 7 75
16 31 100 37
16 32 6 22
16 33 28 63
16 34 28 66
16 35 36 85
16 36 87 40
16 37 3 65
16 38 21 11
16 39 88 59
16 40 30 28
16 41 91 49
16 42 45 63
16 43 73 63
16 44 89 73
16 45 17 11
16 46 1 75
16 47 91 81
16 48 21 71
16 49 47 83
17 18 70 94
17 19 39 41
17 20 24 84
17 21 18 40
17 22 31 26
17 23 99 73
17 24 84 86
17 25 65 57
17 26 98 86
17 27 5 41
17 28 12 51
17 29 73 72
17 30 87 38
17 31 91 81
17 32 8 74
17 33 2 52
17 34 60 50
17 35 54 41
17 36 55 34
17 37 97 95
17 38 5 75
17 39 1 71
17 40 85 23
17 41 72 24
17 42 35 27
17 43 67 39
17 44 39 74
17 45 46 15
17 46 2 53
17 47 4 80
17 48 80 47
17 49 63 60
18 19 49 25
18 20 86 96
18 21 7 39
18 22 21 14
18 23 11 76
18 24 18 55
18 25 42 55
18 26 70 59
18 27 70 17
18 28 74 94
18 29 41 79
18 30 52 31
18 31 53 90
18 32 1 10
18 33 64 47
18 34 70 61
18 35 7 66
18 36 40 56
18 37 83 82
18 38 87 61
18 39 96 86
18 40 18 11
18 41 94 42
18 42 17 73
18 43 20 56
18 44 92 42
18 45 67 32
18 46 8 77
18 47 27 70
18 48 63 92
18 49 3 45
19 20 96 80
19 21 94 79
19 22 24 12
19 23 20 83
19 24 56 38
19 25 70 80
19 26 7 3
19 27 80 44
19 28 52 67
19 29 78 78
19 30 6 41
19 31 83 63
19 32 36 12
19 33 46 20
19 34 72 83
19 35 13 56
19 36 25 84
19 37 56 71
19 38 48 70
19 39 5 13
19 40 35 8
19 41 89 79
19 42 23 57
19 43 83 82
19 44 19 54
19 45 79 60
19 46 84 87
19 47 79 67
19 48 38 56
19 49 45 38
20 21 80 30
20 22 7 23
20 23 54 61
20 24 89 84
20 25 16 37
20 26 85 17
20 27 65 78
20 28 86 25
20 29 84 42
20 30 94 60
20 31 3 75
20 32 91 42
20 33 59 85
20 34 45 40
20 35 37 56
20 36 52 65
20 37 28 44
20 38 69 80
20 39 4 11
20 40 95 52
20 41 51 17
20 42 55 47
20 43 22 74
20 44 68 56
20 45 25 24
20 46 95 64
20 47 44 16
20 48 90 64
20 49 44 52
21 22 88 76
21 23 84 31
21 24 80 38
21 25 62 34
21 26 86 81
21 27 69 79
21 28 19 30
21 29 28 73
21 30 13 20
21 31 91 86
21 32 100 91
21 33 49 76
21 34 53 65
21 35 28 27
21 36 72 32
21 37 22 50
21 38 91 69
21 39 17 43
21 40 51 54
21 41 26 78
21 42 95 52
21 43 54 40
21 44 99 70
21 45 48 38
21 46 76 88
21 47 53 46
21 48 24 63
21 49 28 25
22 23 81 41
22 24 69 92
22 25 82 78
22 26 27 68
22 27 63 69
22 28 67 67
22 29 57 21
22 30 52 68
22 31 91 49
22 32 16 31
22 33 80 52
22 34 14 18
22 35 11 20
22 36 3 28
22 37 18 34
22 38 90 90
22 39 25 7
22 40 4 63
22 41 64 89
22 42 31 28
22 43 46 43
22 44 61 67
22 45 6 68
22 46 81 18
22 47 56 22
22 48 47 60
22 49 54 88
23 24 27 17
23 25 49 71
23 26 1 33
23 27 73 65
23 28 78 27
23 29 8 15
23 30 3 39
23 31 56 77
23 32 4 28
23 33 37 62
23 34 82 49
23 35 14 77
23 36 1 4
23 37 18 30
23 38 69 68
23 39 8 22
23 40 46 44
23 41 26 27
23 42 88 95
23 43 39 13
23 44 60 20
23 45 46 50
23 46 88 41
23 47 67 26
23 48 90 52
23 49 80 28
24 25 20 50
24 26 36 48
24 27 41 74
24 28 45 65
24 29 74 31
24 30 63 56
24 31 68 47
24 32 48 56
24 33 43 83
24 34 14 49
24 35 83 51
24 36 97 39
24 37 99 23
24 38 49 81
24 39 98 99
24 40 93 92
24 41 91 28
24 42 60 92
24 43 35 48
24 44 38 23
24 45 77 34
24 46 28 79
24 47 6 69
24 48 73 49
24 49 42 81
25 26 54 78
25 27 2 24
25 28 24 12
25 29 3 16
25 30 90 75
25 31 92 79
25 32 100 32
25 33 54 78
25 34 33 38
25 35 28 25
25 36 30 45
25 37 12 61
25 38 26 40
25 39 69 38
25 40 66 52
25 41 31 75
25 42 87 46
25 43 52 23
25 44 84 19
25 45 78 52
25 46 52 31
25 47 49 36
25 48 32 37
25 49 91 74
26 27 2 56
26 28 4 9
26 29 28 31
26 30 88 69
26 31 28 9
26 32 69 78
26 33 51 84
26 34 48 79
26 35 46 52
26 36 87 66
26 37 24 36
26 38 46 46
26 39 89 56
26 40 90 53
26 41 57 56
26 42 50 77
26 43 87 79
26 44 6 50
26 45 96 68
26 46 12 43
26 47 15 26
26 48 6 8
26 49 1 66
27 28 88 93
27 29 96 95
27 30 57 30
27 31 38 38
27 32 98 48
27 33 22 66
27 34 93 90
27 35 28 56
27 36 39 61
27 37 12 61
27 38 77 71
27 39 8 32
27 40 59 39
27 41 42 77
27 42 81 52
27 43 89 43
27 44 60 14
27 45 50 86
27 46 59 35
27 47 82 74
27 48 5 39
27 49 61 55
28 29 30 64
28 30 37 66
28 31 31 53
28 32 40 30
28 33 51 79
28 34 87 69
28 35 36 31
28 36 42 24
28 37 6 41
28 38 28 44
28 39 31 78
28 40 25 83
28 41 22 70
28 42 27 73
28 43 10 61
28 44 24 23
28 45 54 43
28 46 92 55
28 47 31 66
28 48 44 13
28 49 13 64
29 30 18 21
29 31 74 55
29 32 63 81
29 33 81 90
29 34 17 7
29 35 26 24
29 36 76 94
29 37 53 45
29 38 97 50
29 39 28 83
29 40 66 25
29 41 70 50
29 42 31 21
29 43 11 73
29 44 97 61
29 45 61 91
29 46 77 28
29 47 99 76
29 48 12 21
29 49 24 70
30 31 28 8
30 32 46 27
30 33 66 55
30 34 56 55
30 35 28 26
30 36 24 48
30 37 46 88
30 38 56 26
30 39 23 17
30 40 18 69
30 41 64 91
30 42 20 50
30 43 72 22
30 44 10 77
30 45 32 19
30 46 55 74
30 47 77 24
30 48 88 72
30 49 28 22
31 32 19 47
31 33 36 33
31 34 65 46
31 35 82 37
31 36 88 69
31 37 32 83
31 38 47 17
31 39 89 61
31 40 4 15
31 41 72 26
31 42 24 76
31 43 95 67
31 44 38 18
31 45 47 55
31 46 84 64
31 47 2 17
31 48 54 65
31 49 100 94
32 33 48 89
32 34 71 86
32 35 59 22
32 36 23 74
32 37 91 47
32 38 89 28
32 39 57 64
32 40 41 27
32 41 28 74
32 42 77 41
32 43 90 95
32 44 31 73
32 45 71 91
32 46 78 75
32 47 56 13
32 48 36 16
32 49 19 59
33 34 33 16
33 35 23 11
33 36 19 6
33 37 82 18
33 38 39 28
33 39 26 7
33 40 87 51
33 41 56 51
33 42 74 28
33 43 94 68
33 44 62 35
33 45 72 57
33 46 45 80
33 47 61 44
33 48 19 69
33 49 40 33
34 35 78 56
34 36 47 84
34 37 4 54
34 38 73 52
34 39 74 87
34 40 21 69
34 41 68 57
34 42 17 80
34 43 61 55
34 44 28 75
34 45 39 66
34 46 9 12
34 47 44 80
34 48 56 57
34 49 2 48
35 36 59 48
35 37 48 37
35 38 1 10
35 39 49 51
35 40 43 82
35 41 76 88
35 42 44 13
35 43 42 27
35 44 4 73
35 45 42 70
35 46 32 64
35 47 83 51
35 48 33 44
35 49 28 47
36 37 47 83
36 38 50 16
36 39 12 41
36 40 47 71
36 41 80 56
36 42 89 37
36 43 95 53
36 44 79 89
36 45 91 24
36 46 40 32
36 47 97 66
36 48 16 10
36 49 37 68
37 38 64 24
37 39 52 82
37 40 66 54
37 41 60 75
37 42 54 32
37 43 45 21
37 44 72 93
37 45 100 63
37 46 33 64
37 47 81 60
37 48 56 81
37 49 14 18
38 39 28 13
38 40 97 38
38 41 82 55
38 42 23 33
38 43 43 46
38 44 36 78
38 45 23 77
38 46 0 56
38 47 25 62
38 48 100 67
38 49 93 36
39 40 13 40
39 41 37 9
39 42 33 13
39 43 8 56
39 44 44 16
39 45 2 50
39 46 20 21
39 47 79 92
39 48 87 86
39 49 3 56
40 41 68 66
40 42 92 87
40 43 59 91
40 44 41 61
40 45 57 34
40 46 39 18
40 47 36 24
40 48 35 76
40 49 52 56
41 42 46 15
41 43 54 66
41 44 100 38
41 45 48 28
41 46 43 62
41 47 78 93
41 48 56 19
41 49 73 67
42 43 66 28
42 44 12 35
42 45 70 36
42 46 93 80
42 47 99 38
42 48 91 73
42 49 12 26
43 44 27 27
43 45 78 47
43 46 44 11
43 47 71 28
43 48 57 78
43 49 89 81
44 45 8 65
44 46 35 70
44 47 52 38
44 48 34 28
44 49 14 13
45 46 24 19
45 47 79 62
45 48 88 19
45 49 11 40
46 47 94 82
46 48 59 61
46 49 1 77
47 48 86 87
47 49 86 34
48 49 50 33
