50
0 2 4 9
0 37 54 13
0 46 32 8
1 4 47 9
1 6 6 27
1 15 8 10
1 16 19 16
1 27 1 40
2 9 11 7
2 15 6 33
2 16 2 25
2 24 0 49
2 43 4 37
2 47 1 24
3 6 3 54
3 7 31 19
3 13 2 70
3 21 16 7
3 26 3 11
3 43 4 20
4 7 30 23
4 13 0 76
4 28 10 16
4 31 12 4
4 33 3 16
4 35 3 17
5 8 3 49
5 22 16 30
5 26 23 25
5 31 36 19
5 48 50 16
6 13 5 40
6 41 4 9
6 47 3 10
6 49 2 52
7 9 2 65
7 15 40 11
7 17 4 42
7 21 11 34
7 33 5 36
7 37 0 34
8 9 3 50
8 19 6 34
8 41 4 11
8 42 5 19
8 45 8 46
8 49 11 28
9 12 5 1
9 17 42 16
9 23 10 9
9 39 2 71
9 47 28 14
10 14 1 22
10 16 3 2
10 34 32 9
10 45 9 25
10 49 3 45
11 13 37 11
11 32 13 23
11 33 10 40
12 20 20 5
12 21 12 21
12 37 1 14
13 26 13 15
13 28 16 14
13 29 13 10
13 30 24 10
13 41 3 47
13 46 0 8
14 19 26 8
14 49 28 6
15 18 0 34
15 20 26 6
15 21 12 10
15 24 2 1
15 44 6 5
16 19 24 9
16 32 6 22
16 37 3 65
16 38 21 11
16 45 17 11
16 46 1 75
17 21 18 40
17 22 31 26
17 27 5 41
17 33 2 52
17 39 1 71
17 45 46 15
17 46 2 53
18 21 7 39
18 22 21 14
18 32 1 10
18 40 18 11
18 49 3 45
19 22 24 12
19 26 7 3
19 39 5 13
19 40 35 8
20 22 7 23
20 31 3 75
20 39 4 11
21 30 13 20
22 34 14 18
22 35 11 20
22 36 3 28
22 39 25 7
23 26 1 33
23 29 8 15
23 30 3 39
23 32 4 28
23 36 1 4
23 39 8 22
23 43 39 13
25 27 2 24
25 28 24 12
25 29 3 16
26 27 2 56
26 28 4 9
26 31 28 9
26 48 6 8
26 49 1 66
27 44 60 14
27 48 5 39
28 37 6 41
29 34 17 7
29 48 12 21
30 31 28 8
30 39 23 17
31 40 4 15
31 47 2 17
33 35 23 11
33 36 19 6
33 39 26 7
34 46 9 12
34 49 2 48
35 38 1 10
35 44 4 73
36 48 16 10
37 49 14 18
38 46 0 56
39 41 37 9
39 42 33 13
39 45 2 50
39 49 3 56
42 49 12 26
43 46 44 11
44 49 14 13
46 49 1 77