3.1652000000 13.3704000000
8.3567000000 7.5580000000
2.9955000000 13.7610000000
8.2661000000 7.5732000000
8.4333000000 7.5109000000
3.1348000000 13.5065000000
7.6469000000 7.9265000000
8.4849000000 7.4851000000
8.3655000000 7.5437000000
3.1307000000 13.5260000000
3.7300000000 12.3554000000
6.1275000000 9.1097000000
5.1778000000 10.0196000000
7.4808000000 8.0529000000
8.4791000000 7.5064000000
4.6508000000 10.6812000000
11.4806000000 6.2180000000
6.0687000000 9.1530000000
3.2284000000 13.2032000000
6.6336000000 8.7031000000
5.8910000000 9.3179000000
5.0393000000 10.2076000000
3.4019000000 12.8510000000
7.6447000000 7.9431000000
7.9480000000 7.7966000000
3.6347000000 12.4147000000
10.8311000000 6.4669000000
6.4542000000 8.8941000000
8.4678000000 7.6105000000
5.8910000000 9.3179000000
4.6003000000 10.7193000000
4.5631000000 10.7660000000
3.6299000000 12.4081000000
6.6708000000 8.6564000000
3.2455000000 13.1882000000
7.9480000000 7.7966000000
8.4636000000 7.6492000000
7.9852000000 7.7499000000
9.0033000000 7.2893000000
6.0687000000 9.1530000000
7.5420000000 7.9884000000
3.1385000000 13.4813000000
3.6347000000 12.4147000000
6.4634000000 8.8810000000
5.1406000000 10.0663000000
3.6710000000 12.2938000000
2.7866000000 14.3142000000
12.2815000000 6.0048000000
11.0648000000 6.3897000000
5.9315000000 9.3269000000
4.6884000000 10.7751000000
12.1294000000 6.0402000000
4.4387000000 10.9317000000
7.4901000000 8.0331000000
8.9908000000 7.3170000000
5.8786000000 9.3522000000
7.9678000000 7.7829000000
9.2676000000 7.2119000000
4.6003000000 10.7193000000
