8.4587000000 12.9241000000
8.1152000000 12.9624000000
8.3919000000 12.9296000000
8.3303000000 12.9382000000
8.6455000000 12.9165000000
8.2706000000 12.9425000000
8.2622000000 12.9460000000
8.1013000000 12.9654000000
8.0540000000 12.9700000000
4.4787000000 16.2222000000
7.2014000000 13.1935000000
8.7695000000 12.9142000000
6.3152000000 13.7415000000
7.0256000000 13.2577000000
8.0875000000 12.9677000000
4.3552000000 16.5798000000
7.1917000000 13.2003000000
3.7478000000 18.1146000000
6.3131000000 13.7271000000
8.4091000000 12.9280000000
4.8196000000 15.5594000000
4.1858000000 16.8562000000
3.7543000000 18.2058000000
6.9099000000 13.3432000000
5.1503000000 15.0462000000
7.3681000000 13.1205000000
4.4028000000 16.4442000000
7.1174000000 13.2224000000
6.2968000000 13.7716000000
3.7048000000 18.2837000000
8.0132000000 12.9855000000
4.1858000000 16.8562000000
4.9659000000 15.3238000000
5.1792000000 15.0602000000
8.4091000000 12.9280000000
7.0256000000 13.2577000000
2.4387000000 25.2304000000
7.0957000000 13.2355000000
8.3069000000 12.9385000000
6.2022000000 13.8184000000
7.2014000000 13.1935000000
7.0979000000 13.2343000000
6.4321000000 13.6166000000
4.1851000000 16.8938000000
5.3051000000 14.8235000000
4.4752000000 16.2374000000
7.1917000000 13.2003000000
3.7297000000 18.1201000000
6.1968000000 13.8262000000
8.3370000000 12.9352000000
4.4725000000 16.2038000000
5.0052000000 15.2979000000
2.4463000000 25.2250000000
3.0869000000 20.7741000000
8.6455000000 12.9165000000
2.4800000000 24.7329000000
8.2622000000 12.9460000000
8.4531000000 12.9245000000
7.1412000000 13.2044000000
4.3274000000 16.6036000000
6.9724000000 13.3004000000
5.2818000000 14.8771000000
3.7086000000 18.2808000000
6.1163000000 13.8959000000
8.7695000000 12.9142000000
7.4672000000 13.0929000000
6.3294000000 13.6915000000
8.4587000000 12.9241000000
4.7443000000 15.7061000000
7.4837000000 13.0896000000
8.4413000000 12.9292000000
6.0999000000 13.9516000000
5.8876000000 14.1233000000
3.7566000000 18.0281000000
8.2111000000 12.9496000000
3.7566000000 18.0281000000
7.0957000000 13.2355000000
8.3069000000 12.9385000000
7.2014000000 13.1935000000
5.1398000000 15.0611000000
7.0979000000 13.2343000000
3.7287000000 18.2373000000
7.8128000000 13.0101000000
4.5115000000 16.1567000000
5.9304000000 14.0647000000
2.7692000000 22.5441000000
7.1967000000 13.1835000000
8.3488000000 12.9358000000
2.9711000000 21.4223000000
3.7660000000 18.2953000000
2.8654000000 21.9508000000
8.4531000000 12.9245000000
4.7818000000 15.7189000000
4.1720000000 16.9347000000
3.6998000000 18.3047000000
8.4091000000 12.9280000000
8.2706000000 12.9425000000
7.0344000000 13.2618000000
5.4660000000 14.6496000000
5.0052000000 15.2979000000
4.9976000000 15.3208000000
4.4725000000 16.2038000000
5.5365000000 14.5245000000
2.7692000000 22.5441000000
2.4463000000 25.2250000000
3.7313000000 18.1647000000
4.9976000000 15.3208000000
8.6455000000 12.9165000000
8.2622000000 12.9460000000
2.1693000000 28.2657000000
7.0427000000 13.2549000000
8.4531000000 12.9245000000
4.5115000000 16.1567000000
5.4660000000 14.6496000000
8.7695000000 12.9142000000
4.6670000000 15.8678000000
2.5033000000 24.4791000000
6.3294000000 13.6915000000
2.8470000000 22.2187000000
6.2968000000 13.7716000000
7.4837000000 13.0896000000
8.4413000000 12.9292000000
5.9304000000 14.0647000000
5.8876000000 14.1233000000
7.9680000000 12.9831000000
4.7829000000 15.6244000000
2.6426000000 23.4166000000
6.9658000000 13.2952000000
7.0979000000 13.2343000000
5.8170000000 14.1956000000
3.2791000000 19.8276000000
8.7695000000 12.9142000000
5.9304000000 14.0647000000
4.1851000000 16.8938000000
3.0376000000 21.0291000000
7.1855000000 13.1990000000
2.1599000000 28.2945000000
2.8834000000 21.8912000000
6.1895000000 13.8277000000
6.4011000000 13.6366000000
3.7201000000 18.2698000000
8.4019000000 12.9307000000
3.8176000000 17.8559000000
4.7818000000 15.7189000000
5.0052000000 15.2979000000
6.8160000000 13.3859000000
6.1258000000 13.8705000000
7.3681000000 13.1205000000
3.7376000000 18.1007000000
4.3720000000 16.4269000000
4.0757000000 17.1285000000
2.3486000000 25.8976000000
6.9177000000 13.3147000000
2.4463000000 25.2250000000
4.9976000000 15.3208000000
3.0994000000 20.7603000000
8.6455000000 12.9165000000
7.1451000000 13.2037000000
2.1020000000 28.6140000000
2.5103000000 24.5533000000
8.2622000000 12.9460000000
8.4230000000 12.9278000000
4.3333000000 16.6014000000
4.6458000000 15.8738000000
7.3866000000 13.1146000000
5.4660000000 14.6496000000
7.3866000000 13.1146000000
3.7222000000 18.2425000000
4.9922000000 15.3190000000
6.0828000000 13.9503000000
4.6670000000 15.8678000000
4.0973000000 17.1014000000
3.7730000000 17.9772000000
8.4316000000 12.9266000000
6.3570000000 13.6878000000
8.6227000000 12.9171000000
6.2968000000 13.7716000000
7.8556000000 13.0042000000
7.5283000000 13.0769000000
7.7407000000 13.0276000000
7.8569000000 13.0067000000
6.9177000000 13.3147000000
2.1334000000 28.3963000000
2.9922000000 21.2305000000
4.6179000000 15.9172000000
7.8913000000 12.9976000000
7.0979000000 13.2343000000
2.4431000000 25.1922000000
3.7730000000 17.9772000000
1.6160000000 37.0834000000
3.3254000000 19.7590000000
2.5381000000 24.1975000000
8.7695000000 12.9142000000
6.9177000000 13.3147000000
8.3370000000 12.9352000000
7.1855000000 13.1990000000
2.1336000000 28.2162000000
8.3060000000 12.9417000000
6.2898000000 13.7253000000
3.8052000000 17.8796000000
2.1599000000 28.2945000000
8.4531000000 12.9245000000
3.3878000000 19.3632000000
8.7695000000 12.9142000000
3.7201000000 18.2698000000
8.3850000000 12.9328000000
4.5920000000 15.9651000000
8.3772000000 12.9337000000
4.0965000000 17.1128000000
7.6540000000 13.0463000000
3.7456000000 18.0861000000
3.3731000000 19.4229000000
5.8046000000 14.2038000000
3.9439000000 17.5163000000
1.6576000000 36.6092000000
2.8262000000 22.4200000000
4.9768000000 15.3796000000
2.7823000000 22.5268000000
3.0994000000 20.7603000000
2.1351000000 28.3610000000
4.1179000000 17.0588000000
2.1693000000 28.2657000000
7.0677000000 13.2459000000
8.4230000000 12.9278000000
2.5454000000 24.1974000000
7.3866000000 13.1146000000
3.7210000000 18.2525000000
5.0437000000 15.2441000000
2.7692000000 22.5441000000
4.6670000000 15.8678000000
8.4091000000 12.9280000000
2.1336000000 28.2162000000
3.0202000000 21.1001000000
7.5280000000 13.0772000000
6.9578000000 13.2929000000
2.9922000000 21.2305000000
3.8954000000 17.6187000000
4.0046000000 17.3616000000
2.5381000000 24.1975000000
5.2749000000 14.8793000000
2.4707000000 24.9176000000
8.7695000000 12.9142000000
6.4030000000 13.6351000000
5.4096000000 14.7197000000
5.1398000000 15.0611000000
2.4707000000 24.9176000000
4.8396000000 15.5376000000
6.9177000000 13.3147000000
8.7695000000 12.9142000000
5.9304000000 14.0647000000
6.6331000000 13.5062000000
5.2722000000 14.8694000000
7.1412000000 13.2044000000
2.1818000000 27.7551000000
2.5644000000 24.0668000000
8.3060000000 12.9417000000
6.8315000000 13.3635000000
4.1665000000 16.9351000000
6.7908000000 13.3868000000
8.0875000000 12.9677000000
6.1895000000 13.8277000000
3.3854000000 19.3934000000
4.1720000000 16.9347000000
4.2393000000 16.7311000000
4.6094000000 15.9454000000
3.8150000000 17.8973000000
5.0052000000 15.2979000000
7.1792000000 13.1888000000
8.4091000000 12.9280000000
4.1081000000 17.0523000000
8.2706000000 12.9425000000
6.2062000000 13.7997000000
2.3486000000 25.8976000000
2.1640000000 27.8534000000
2.3752000000 25.8171000000
1.6483000000 36.6178000000
2.8262000000 22.4200000000
4.9768000000 15.3796000000
4.4103000000 16.4019000000
3.7313000000 18.1647000000
5.9304000000 14.0647000000
8.6455000000 12.9165000000
7.1860000000 13.1950000000
7.1230000000 13.2178000000
3.3707000000 19.4531000000
7.0564000000 13.2454000000
3.3878000000 19.3632000000
8.4230000000 12.9278000000
2.5454000000 24.1974000000
4.6179000000 15.9172000000
4.3720000000 16.4269000000
3.7206000000 18.2625000000
5.0477000000 15.2383000000
4.9625000000 15.3798000000
5.9304000000 14.0647000000
5.5225000000 14.5662000000
6.1934000000 13.8159000000
3.9530000000 17.5176000000
4.7633000000 15.7052000000
8.6227000000 12.9171000000
5.3434000000 14.7728000000
6.9877000000 13.2769000000
7.3361000000 13.1311000000
6.9877000000 13.2769000000
5.8528000000 14.1632000000
3.0096000000 21.1595000000
5.8046000000 14.2038000000
4.9616000000 15.3476000000
6.9177000000 13.3147000000
7.2014000000 13.1935000000
7.0979000000 13.2343000000
8.3772000000 12.9337000000
5.1817000000 15.0033000000
3.5860000000 18.7213000000
2.4707000000 24.9176000000
4.2583000000 16.7685000000
6.9142000000 13.3420000000
5.9237000000 14.0988000000
6.3294000000 13.6915000000
8.4531000000 12.9245000000
1.6414000000 36.9143000000
6.2684000000 13.7752000000
2.9758000000 21.3379000000
3.7963000000 17.9207000000
2.7611000000 22.5978000000
8.4531000000 12.9245000000
4.1720000000 16.9347000000
3.8260000000 17.8523000000
2.1957000000 27.5814000000
4.6429000000 15.9123000000
8.4587000000 12.9241000000
5.0052000000 15.2979000000
7.1792000000 13.1888000000
4.1230000000 17.0520000000
7.3681000000 13.1205000000
5.9304000000 14.0647000000
1.6574000000 36.5727000000
2.8427000000 22.3584000000
4.9768000000 15.3796000000
4.0149000000 17.3224000000
4.0762000000 17.1297000000
8.2111000000 12.9496000000
8.6455000000 12.9165000000
7.1860000000 13.1950000000
2.1706000000 28.1315000000
8.7695000000 12.9142000000
3.7476000000 18.0638000000
3.3819000000 19.4126000000
8.3681000000 12.9334000000
6.9177000000 13.3147000000
3.7206000000 18.2625000000
2.8121000000 22.3924000000
7.8556000000 13.0042000000
5.5225000000 14.5662000000
6.1934000000 13.8159000000
4.5082000000 16.1285000000
2.1712000000 28.1178000000
7.3006000000 13.1433000000
2.4114000000 25.7203000000
8.6227000000 12.9171000000
5.7893000000 14.2341000000
3.0723000000 20.7994000000
5.2749000000 14.8793000000
3.7842000000 17.9482000000
8.3772000000 12.9337000000
5.1646000000 15.0298000000
3.5860000000 18.7213000000
4.5017000000 16.1435000000
8.3919000000 12.9296000000
3.4505000000 19.1190000000
8.7695000000 12.9142000000
1.6537000000 36.2785000000
8.2706000000 12.9425000000
7.1792000000 13.1888000000
5.9237000000 14.0988000000
6.3294000000 13.6915000000
4.1851000000 16.8938000000
1.9856000000 30.2955000000
8.3370000000 12.9352000000
2.1818000000 27.7551000000
7.7718000000 13.0181000000
3.2352000000 20.0265000000
8.3060000000 12.9417000000
6.8053000000 13.3820000000
2.1590000000 28.2294000000
3.7912000000 17.9397000000
6.5881000000 13.5088000000
3.9342000000 17.5112000000
8.4091000000 12.9280000000
4.7818000000 15.7189000000
6.9578000000 13.2929000000
5.0052000000 15.2979000000
7.1792000000 13.1888000000
8.6455000000 12.9165000000
3.7201000000 18.2698000000
8.4091000000 12.9280000000
7.6540000000 13.0463000000
7.3681000000 13.1205000000
1.5441000000 38.8333000000
8.4091000000 12.9280000000
4.9768000000 15.3796000000
1.9131000000 31.6173000000
8.2111000000 12.9496000000
3.0994000000 20.7603000000
7.3681000000 13.1205000000
4.9659000000 15.3238000000
2.1706000000 28.1315000000
5.5615000000 14.4947000000
3.7282000000 18.1834000000
3.3819000000 19.4126000000
8.3681000000 12.9334000000
6.8991000000 13.3560000000
3.7206000000 18.2625000000
5.0477000000 15.2383000000
7.3866000000 13.1146000000
7.8556000000 13.0042000000
7.3006000000 13.1433000000
7.8334000000 13.0090000000
8.6227000000 12.9171000000
5.5225000000 14.5662000000
5.7893000000 14.2341000000
3.3878000000 19.3632000000
5.2749000000 14.8793000000
8.7695000000 12.9142000000
6.4030000000 13.6351000000
7.8913000000 12.9976000000
4.4724000000 16.2331000000
3.7842000000 17.9482000000
2.1736000000 27.7618000000
3.7927000000 17.9347000000
8.6455000000 12.9165000000
6.9177000000 13.3147000000
3.9260000000 17.5724000000
5.9237000000 14.0988000000
6.2350000000 13.7725000000
6.6393000000 13.4994000000
3.7381000000 18.1376000000
8.6227000000 12.9171000000
8.3919000000 12.9296000000
7.7718000000 13.0181000000
5.9387000000 14.0570000000
1.6414000000 36.9143000000
5.2722000000 14.8694000000
2.9913000000 21.3291000000
3.7912000000 17.9397000000
8.3919000000 12.9296000000
8.4091000000 12.9280000000
8.4531000000 12.9245000000
4.7818000000 15.7189000000
4.1720000000 16.9347000000
1.9104000000 31.6593000000
3.2980000000 19.7399000000
1.5611000000 38.6916000000
5.0052000000 15.2979000000
8.3799000000 12.9331000000
1.6790000000 35.9444000000
3.1055000000 20.6350000000
1.5980000000 37.5917000000
8.4091000000 12.9280000000
7.5471000000 13.0692000000
2.1818000000 27.7331000000
2.4114000000 25.7203000000
7.3006000000 13.1433000000
1.6574000000 36.5727000000
8.3663000000 12.9339000000
4.0149000000 17.3224000000
7.3681000000 13.1205000000
3.7566000000 18.0281000000
2.1706000000 28.1315000000
3.3819000000 19.4126000000
7.0677000000 13.2459000000
1.9745000000 30.5791000000
4.5115000000 16.1567000000
4.4117000000 16.3659000000
3.7206000000 18.2625000000
5.0477000000 15.2383000000
7.8556000000 13.0042000000
6.9177000000 13.3147000000
5.9385000000 14.0582000000
5.5674000000 14.4876000000
4.8721000000 15.4905000000
8.6227000000 12.9171000000
2.1712000000 28.1178000000
7.2962000000 13.1469000000
4.8196000000 15.5594000000
5.5225000000 14.5662000000
7.5471000000 13.0692000000
3.0246000000 21.0955000000
5.7893000000 14.2341000000
3.4720000000 19.1523000000
3.0904000000 20.7382000000
2.5470000000 24.1564000000
4.9883000000 15.3170000000
6.9466000000 13.3091000000
3.5860000000 18.7213000000
4.5017000000 16.1435000000
3.9539000000 17.5062000000
7.9680000000 12.9831000000
1.6537000000 36.2785000000
5.9237000000 14.0988000000
8.4091000000 12.9280000000
3.7381000000 18.1376000000
8.6455000000 12.9165000000
2.1818000000 27.7551000000
2.0573000000 29.6300000000
5.9387000000 14.0570000000
6.8140000000 13.3802000000
5.2924000000 14.8569000000
2.9913000000 21.3291000000
3.7912000000 17.9397000000
2.4609000000 24.9204000000
8.3919000000 12.9296000000
8.4091000000 12.9280000000
7.1412000000 13.2044000000
3.3854000000 19.3934000000
5.8046000000 14.2038000000
6.9578000000 13.2929000000
2.6426000000 23.4166000000
6.7908000000 13.3868000000
8.4587000000 12.9241000000
3.8150000000 17.8973000000
5.0052000000 15.2979000000
7.1908000000 13.1876000000
2.1059000000 28.5641000000
8.2706000000 12.9425000000
3.1157000000 20.5851000000
4.6287000000 15.9860000000
8.4091000000 12.9280000000
4.5705000000 16.0274000000
7.5471000000 13.0692000000
2.1818000000 27.7331000000
3.2366000000 20.0178000000
4.4467000000 16.2596000000
1.6574000000 36.5727000000
1.9131000000 31.6173000000
7.3420000000 13.1398000000
4.0149000000 17.3224000000
6.9877000000 13.2769000000
8.7695000000 12.9142000000
2.5934000000 23.7765000000
7.0677000000 13.2459000000
1.9745000000 30.5791000000
1.9227000000 31.2625000000
7.5739000000 13.0645000000
3.3819000000 19.4126000000
3.7206000000 18.2625000000
4.9659000000 15.3238000000
7.3961000000 13.1125000000
8.6227000000 12.9171000000
6.9038000000 13.3426000000
5.5583000000 14.5218000000
6.1934000000 13.8159000000
4.9045000000 15.4879000000
7.7605000000 13.0260000000
3.1111000000 20.6274000000
4.8359000000 15.5443000000
6.9815000000 13.2854000000
8.3370000000 12.9352000000
3.9260000000 17.5724000000
7.7784000000 13.0184000000
6.9877000000 13.2769000000
6.9466000000 13.3091000000
5.1279000000 15.1058000000
6.4030000000 13.6351000000
2.1059000000 28.5641000000
8.3772000000 12.9337000000
2.9922000000 21.2305000000
3.5860000000 18.7213000000
3.7927000000 17.9347000000
4.5017000000 16.1435000000
7.3006000000 13.1433000000
6.1018000000 13.9070000000
8.2706000000 12.9425000000
1.6537000000 36.2785000000
3.7566000000 18.0281000000
2.0573000000 29.6300000000
2.0401000000 29.7960000000
2.1629000000 28.1795000000
6.1011000000 13.9044000000
3.9620000000 17.4997000000
3.3731000000 19.4229000000
7.1139000000 13.2199000000
2.7679000000 22.5523000000
6.9411000000 13.3093000000
6.7834000000 13.4112000000
6.9177000000 13.3147000000
5.0047000000 15.3047000000
7.1949000000 13.1863000000
3.1703000000 20.4813000000
3.7566000000 18.0281000000
4.4725000000 16.2038000000
4.6287000000 15.9860000000
8.4091000000 12.9280000000
4.5725000000 16.0272000000
8.4269000000 12.9430000000
3.3998000000 19.3495000000
2.1245000000 28.3870000000
3.0994000000 20.7603000000
6.9877000000 13.2769000000
8.7695000000 12.9142000000
3.3819000000 19.4126000000
2.6384000000 23.7094000000
7.0677000000 13.2459000000
7.7407000000 13.0276000000
4.6740000000 15.8501000000
1.9745000000 30.5791000000
5.7251000000 14.3166000000
2.5642000000 24.1027000000
7.5739000000 13.0645000000
4.9839000000 15.3186000000
6.6930000000 13.4439000000
8.6227000000 12.9171000000
5.9246000000 14.0861000000
5.5583000000 14.5218000000
7.7605000000 13.0260000000
6.0006000000 13.9940000000
5.8046000000 14.2038000000
4.7813000000 15.6992000000
5.6565000000 14.3948000000
6.9578000000 13.2929000000
2.1059000000 28.5641000000
4.8508000000 15.5259000000
8.4091000000 12.9280000000
7.5471000000 13.0692000000
3.9260000000 17.5724000000
3.3947000000 19.3472000000
6.9877000000 13.2769000000
4.9883000000 15.3170000000
5.3107000000 14.8349000000
6.9466000000 13.3091000000
6.4030000000 13.6351000000
6.1076000000 13.9443000000
7.8913000000 12.9976000000
6.2898000000 13.7253000000
3.2108000000 20.1296000000
3.0171000000 21.1255000000
8.4091000000 12.9280000000
3.7927000000 17.9347000000
4.4974000000 16.1839000000
7.3006000000 13.1433000000
2.1336000000 28.2162000000
2.2705000000 26.6856000000
8.2706000000 12.9425000000
1.6537000000 36.2785000000
2.0168000000 29.8026000000
3.7381000000 18.1376000000
8.6455000000 12.9165000000
2.1818000000 27.7551000000
3.7364000000 18.0932000000
2.0570000000 29.6358000000
2.2735000000 26.7015000000
2.0483000000 29.7377000000
6.8140000000 13.3802000000
6.8906000000 13.3299000000
5.2717000000 14.9087000000
8.3919000000 12.9296000000
3.4000000000 19.3327000000
6.1258000000 13.8705000000
8.4091000000 12.9280000000
7.1139000000 13.2199000000
4.7818000000 15.7189000000
3.3998000000 19.3495000000
2.8334000000 22.2598000000
7.3681000000 13.1205000000
6.7735000000 13.4170000000
4.6435000000 15.8700000000
3.8150000000 17.8973000000
7.6537000000 13.0466000000
3.1703000000 20.4813000000
8.4097000000 12.9292000000
4.6287000000 15.9860000000
8.4091000000 12.9280000000
7.5471000000 13.0692000000
5.2722000000 14.8694000000
2.1988000000 27.5914000000
1.6471000000 36.7672000000
5.4970000000 14.5741000000
1.6574000000 36.5727000000
1.9136000000 31.6139000000
3.9530000000 17.4773000000
7.9680000000 12.9831000000
3.7526000000 18.0581000000
4.9489000000 15.3504000000
5.5444000000 14.5212000000
7.0564000000 13.2454000000
7.7767000000 13.0189000000
7.9349000000 12.9885000000
8.3681000000 12.9334000000
7.3866000000 13.1146000000
4.9591000000 15.3622000000
7.3961000000 13.1125000000
8.6227000000 12.9171000000
6.2898000000 13.7253000000
5.5495000000 14.5166000000
8.6227000000 12.9171000000
2.1712000000 28.1178000000
2.1237000000 28.4527000000
7.5198000000 13.0767000000
5.8493000000 14.1905000000
4.9763000000 15.3209000000
8.3370000000 12.9352000000
3.3788000000 19.4192000000
6.9632000000 13.2924000000
4.9883000000 15.3170000000
6.9877000000 13.2769000000
6.1076000000 13.9443000000
7.8913000000 12.9976000000
3.7566000000 18.0281000000
3.0275000000 21.0752000000
8.4088000000 12.9283000000
3.7927000000 17.9347000000
7.3006000000 13.1433000000
2.1333000000 28.3168000000
4.5209000000 16.1112000000
3.9620000000 17.4997000000
8.2706000000 12.9425000000
3.7381000000 18.1376000000
8.6455000000 12.9165000000
3.4576000000 19.1673000000
2.1818000000 27.7551000000
3.7205000000 18.1652000000
2.2725000000 26.7997000000
2.0483000000 29.7377000000
6.8906000000 13.3299000000
5.2717000000 14.9087000000
3.7049000000 18.2105000000
3.7912000000 17.9397000000
6.1258000000 13.8705000000
4.7903000000 15.6167000000
6.9411000000 13.3093000000
6.7735000000 13.4170000000
2.9922000000 21.2305000000
3.8150000000 17.8973000000
7.1949000000 13.1863000000
8.7695000000 12.9142000000
7.6537000000 13.0466000000
4.6287000000 15.9860000000
2.4446000000 24.9875000000
3.7566000000 18.0281000000
4.8517000000 15.5068000000
1.6574000000 36.5727000000
6.9578000000 13.2929000000
5.8046000000 14.2038000000
1.9136000000 31.6139000000
3.9530000000 17.4773000000
2.9922000000 21.2305000000
4.9489000000 15.3504000000
6.9877000000 13.2769000000
8.7695000000 12.9142000000
7.0564000000 13.2454000000
7.7767000000 13.0189000000
7.0677000000 13.2459000000
8.3681000000 12.9334000000
7.9520000000 12.9857000000
5.7251000000 14.3166000000
3.7206000000 18.2625000000
4.9591000000 15.3622000000
7.7718000000 13.0181000000
2.3635000000 25.7534000000
7.6471000000 13.0453000000
1.3253000000 45.7469000000
8.4091000000 12.9280000000
4.9045000000 15.4879000000
8.6227000000 12.9171000000
4.1801000000 16.9127000000
3.8052000000 17.8796000000
3.1111000000 20.6274000000
2.5927000000 23.9101000000
7.3681000000 13.1205000000
7.5198000000 13.0767000000
5.8512000000 14.2287000000
4.9608000000 15.3344000000
4.7763000000 15.6330000000
6.5881000000 13.5088000000
3.4725000000 19.1377000000
7.3866000000 13.1146000000
7.7784000000 13.0184000000
4.9883000000 15.3170000000
4.5648000000 16.0306000000
6.9877000000 13.2769000000
6.4030000000 13.6351000000
7.8913000000 12.9976000000
3.7364000000 18.0932000000
3.0275000000 21.0752000000
5.9304000000 14.0647000000
4.5643000000 16.0408000000
6.1018000000 13.9070000000
6.8979000000 13.3406000000
1.6637000000 36.0817000000
8.6227000000 12.9171000000
2.1818000000 27.7551000000
3.7205000000 18.1652000000
2.2725000000 26.7997000000
8.3060000000 12.9417000000
6.8140000000 13.3802000000
6.0980000000 13.9134000000
3.8001000000 17.8986000000
8.1500000000 12.9571000000
6.1447000000 13.8599000000
8.4091000000 12.9280000000
7.1139000000 13.2199000000
8.3919000000 12.9296000000
3.3998000000 19.3495000000
7.3614000000 13.1235000000
3.1157000000 20.5851000000
5.0047000000 15.3047000000
7.3361000000 13.1311000000
8.6455000000 12.9165000000
8.7695000000 12.9142000000
8.2111000000 12.9496000000
5.4455000000 14.6399000000
4.4915000000 16.1906000000
4.6287000000 15.9860000000
5.1398000000 15.0611000000
4.5725000000 16.0272000000
7.5471000000 13.0692000000
7.9919000000 12.9866000000
1.6574000000 36.5727000000
2.1328000000 28.3220000000
4.4600000000 16.2412000000
1.9136000000 31.6139000000
2.9922000000 21.2305000000
3.7526000000 18.0581000000
3.7364000000 18.0932000000
6.9560000000 13.3047000000
3.7282000000 18.1834000000
2.4653000000 24.9192000000
7.7767000000 13.0189000000
3.1095000000 20.7007000000
7.0677000000 13.2459000000
2.9922000000 21.2305000000
5.5723000000 14.4801000000
5.0988000000 15.1211000000
2.3858000000 25.7497000000
7.6631000000 13.0427000000
5.9230000000 14.0963000000
3.2839000000 19.8016000000
6.0425000000 13.9731000000
5.8133000000 14.2020000000
2.1118000000 28.5284000000
4.9045000000 15.4879000000
8.6227000000 12.9171000000
6.9654000000 13.3156000000
3.0427000000 20.9572000000
2.5927000000 23.9101000000
4.9768000000 15.3167000000
4.9943000000 15.3109000000
7.3361000000 13.1311000000
6.6306000000 13.5016000000
7.7784000000 13.0184000000
7.3866000000 13.1146000000
5.2623000000 14.9431000000
6.9577000000 13.3015000000
4.9883000000 15.3170000000
5.3107000000 14.8349000000
4.5741000000 16.0228000000
6.9877000000 13.2769000000
8.3370000000 12.9352000000
8.7695000000 12.9142000000
3.2108000000 20.1296000000
3.7651000000 18.0215000000
5.9304000000 14.0647000000
3.7927000000 17.9347000000
6.2898000000 13.7253000000
8.2706000000 12.9425000000
8.3370000000 12.9352000000
8.6399000000 12.9169000000
3.7364000000 18.0932000000
2.1818000000 27.7551000000
3.7205000000 18.1652000000
4.1617000000 16.9132000000
2.2725000000 26.7997000000
5.9304000000 14.0647000000
6.8140000000 13.3802000000
4.6179000000 15.9172000000
8.4587000000 12.9241000000
7.5471000000 13.0692000000
3.7258000000 18.1613000000
8.3814000000 12.9319000000
7.1139000000 13.2199000000
8.3775000000 12.9332000000
5.8220000000 14.1841000000
5.3944000000 14.7060000000
2.9052000000 21.7219000000
7.3681000000 13.1205000000
6.0480000000 13.9470000000
8.6455000000 12.9165000000
5.1657000000 15.0567000000
7.5471000000 13.0692000000
3.7566000000 18.0281000000
1.7268000000 35.0795000000
1.9577000000 30.6790000000
6.9177000000 13.3147000000
6.9453000000 13.3019000000
2.1639000000 28.1410000000
7.0986000000 13.2231000000
7.9562000000 12.9878000000
3.7526000000 18.0581000000
6.3456000000 13.7041000000
8.3370000000 12.9352000000
2.4653000000 24.9192000000
7.0677000000 13.2459000000
7.9520000000 12.9857000000
7.5111000000 13.0785000000
6.3175000000 13.7200000000
1.6900000000 35.7078000000
4.4776000000 16.2379000000
4.9489000000 15.3504000000
6.6930000000 13.4439000000
8.4091000000 12.9280000000
6.9911000000 13.2765000000
6.2898000000 13.7253000000
3.3288000000 19.7401000000
5.8522000000 14.1874000000
8.3542000000 12.9336000000
4.9045000000 15.4879000000
8.6227000000 12.9171000000
6.9654000000 13.3156000000
3.0301000000 21.0249000000
2.5927000000 23.9101000000
7.3681000000 13.1205000000
7.5293000000 13.0746000000
4.9768000000 15.3167000000
5.0004000000 15.3021000000
7.5821000000 13.0684000000
7.3337000000 13.1405000000
3.8052000000 17.8796000000
7.7784000000 13.0184000000
7.9680000000 12.9831000000
3.2980000000 19.7399000000
1.3192000000 45.8494000000
7.0125000000 13.2685000000
8.7695000000 12.9142000000
6.2873000000 13.7735000000
3.2173000000 20.1220000000
3.7651000000 18.0215000000
3.4721000000 19.1037000000
3.0556000000 20.9618000000
3.7927000000 17.9347000000
4.4974000000 16.1839000000
6.6636000000 13.4616000000
2.1333000000 28.3168000000
6.2850000000 13.7717000000
3.9620000000 17.4997000000
8.3370000000 12.9352000000
4.9489000000 15.3504000000
8.4091000000 12.9280000000
2.0546000000 29.5659000000
3.7356000000 18.0969000000
2.1818000000 27.7551000000
3.7179000000 18.2066000000
4.1196000000 17.0225000000
2.2045000000 27.4238000000
8.3848000000 12.9310000000
8.3775000000 12.9332000000
5.8512000000 14.1726000000
5.4754000000 14.6477000000
4.5920000000 15.9651000000
6.4055000000 13.6434000000
2.9052000000 21.7219000000
7.3328000000 13.1413000000
3.1830000000 20.4463000000
7.3361000000 13.1311000000
6.0480000000 13.9470000000
7.3262000000 13.1369000000
5.4752000000 14.6150000000
8.4097000000 12.9292000000
5.1657000000 15.0567000000
5.0349000000 15.2174000000
1.7268000000 35.0795000000
2.1639000000 28.1410000000
7.6471000000 13.0453000000
4.0726000000 17.1863000000
2.9922000000 21.2305000000
7.9562000000 12.9878000000
7.9349000000 12.9885000000
8.7695000000 12.9142000000
4.1858000000 16.8562000000
3.1032000000 20.6752000000
2.4653000000 24.9192000000
7.0677000000 13.2459000000
7.9520000000 12.9857000000
2.7882000000 22.4256000000
6.6454000000 13.4945000000
8.4052000000 12.9287000000
6.4392000000 13.6062000000
3.7364000000 18.0932000000
5.8522000000 14.1874000000
8.3542000000 12.9336000000
4.9126000000 15.4814000000
6.9654000000 13.3156000000
3.8173000000 17.8634000000
3.1145000000 20.6270000000
2.5927000000 23.9101000000
7.3681000000 13.1205000000
8.2706000000 12.9425000000
8.6227000000 12.9171000000
8.4587000000 12.9241000000
8.2111000000 12.9496000000
7.7845000000 13.0182000000
3.4725000000 19.1377000000
3.5105000000 18.8903000000
7.1412000000 13.2044000000
8.7695000000 12.9142000000
1.3270000000 45.8209000000
2.5904000000 23.8609000000
8.3370000000 12.9352000000
6.1076000000 13.9443000000
3.7841000000 17.9663000000
4.4974000000 16.1839000000
7.5111000000 13.0785000000
4.9814000000 15.3123000000
8.5773000000 12.9186000000
6.2850000000 13.7717000000
3.9620000000 17.4997000000
8.2706000000 12.9425000000
8.3370000000 12.9352000000
8.4091000000 12.9280000000
1.9029000000 31.5440000000
4.6408000000 15.8778000000
5.0192000000 15.2463000000
3.7258000000 18.1613000000
3.7629000000 18.0300000000
2.9903000000 21.3586000000
2.5618000000 24.0430000000
3.1157000000 20.5851000000
7.1139000000 13.2199000000
8.3775000000 12.9332000000
5.8512000000 14.1726000000
5.4754000000 14.6477000000
8.3370000000 12.9352000000
6.4055000000 13.6434000000
7.3328000000 13.1413000000
7.3192000000 13.1432000000
3.6895000000 18.3060000000
6.0213000000 13.9885000000
7.3262000000 13.1369000000
8.6455000000 12.9165000000
5.9304000000 14.0647000000
7.6537000000 13.0466000000
5.4719000000 14.6278000000
5.1657000000 15.0567000000
7.5471000000 13.0692000000
1.7268000000 35.0795000000
6.9177000000 13.3147000000
1.6574000000 36.5727000000
6.9453000000 13.3019000000
2.1639000000 28.1410000000
7.6471000000 13.0453000000
4.0728000000 17.1824000000
7.9562000000 12.9878000000
7.0392000000 13.2613000000
6.3456000000 13.7041000000
8.3370000000 12.9352000000
2.4722000000 24.8991000000
8.7695000000 12.9142000000
3.1095000000 20.7007000000
7.8128000000 13.0101000000
5.9304000000 14.0647000000
4.3284000000 16.5260000000
5.0988000000 15.1211000000
6.6454000000 13.4945000000
8.4052000000 12.9287000000
7.6631000000 13.0427000000
6.9496000000 13.3300000000
4.8196000000 15.5594000000
6.0413000000 13.9831000000
2.1288000000 28.3867000000
3.8172000000 17.8650000000
3.1145000000 20.6270000000
7.3681000000 13.1205000000
7.8873000000 12.9984000000
8.4587000000 12.9241000000
7.7845000000 13.0182000000
3.8954000000 17.6187000000
1.2065000000 51.2163000000
7.1412000000 13.2044000000
3.3229000000 19.6746000000
1.3270000000 45.8209000000
2.5904000000 23.8609000000
4.8358000000 15.5373000000
6.2873000000 13.7735000000
3.7841000000 17.9663000000
3.0506000000 21.0184000000
4.4974000000 16.1839000000
7.5111000000 13.0785000000
4.9814000000 15.3123000000
6.2850000000 13.7717000000
2.1518000000 28.1221000000
2.3546000000 25.8394000000
6.4392000000 13.6062000000
4.1857000000 16.8903000000
6.9578000000 13.2929000000
3.9305000000 17.5408000000
2.4197000000 25.2205000000
4.1196000000 17.0225000000
4.6575000000 15.8879000000
8.4587000000 12.9241000000
1.7757000000 33.9910000000
2.5618000000 24.0430000000
8.3775000000 12.9332000000
7.5111000000 13.0785000000
3.1157000000 20.5851000000
6.5847000000 13.5121000000
7.3192000000 13.1432000000
1.7917000000 33.6594000000
3.8150000000 17.8973000000
6.0213000000 13.9885000000
5.0047000000 15.3047000000
5.9304000000 14.0647000000
7.6537000000 13.0466000000
4.5659000000 16.0148000000
2.0558000000 29.4377000000
7.6471000000 13.0453000000
8.3835000000 12.9331000000
6.6722000000 13.4631000000
1.6574000000 36.5727000000
6.9453000000 13.3019000000
3.5684000000 18.8613000000
7.6324000000 13.0494000000
7.9562000000 12.9878000000
4.3990000000 16.3771000000
5.5365000000 14.5245000000
3.7364000000 18.0932000000
3.3819000000 19.4126000000
8.7695000000 12.9142000000
3.1095000000 20.7007000000
7.0677000000 13.2459000000
7.8128000000 13.0101000000
2.2761000000 26.6753000000
8.4091000000 12.9280000000
5.9304000000 14.0647000000
4.4776000000 16.2379000000
2.5165000000 24.5155000000
7.5471000000 13.0692000000
8.2706000000 12.9425000000
6.9496000000 13.3300000000
6.2898000000 13.7253000000
6.1499000000 13.8515000000
6.0006000000 13.9940000000
2.1288000000 28.3867000000
6.9578000000 13.2929000000
4.6417000000 15.9323000000
7.9680000000 12.9831000000
3.0362000000 21.0087000000
2.5927000000 23.9101000000
7.3681000000 13.1205000000
4.3521000000 16.5145000000
7.8873000000 12.9984000000
5.0004000000 15.3021000000
7.5821000000 13.0684000000
8.4587000000 12.9241000000
7.9680000000 12.9831000000
1.2041000000 51.4022000000
7.1412000000 13.2044000000
1.3277000000 45.8200000000
6.2873000000 13.7735000000
3.4721000000 19.1037000000
3.0506000000 21.0184000000
8.6227000000 12.9171000000
4.9923000000 15.2989000000
4.5643000000 16.0408000000
3.9620000000 17.4997000000
6.0006000000 13.9940000000
4.9733000000 15.3153000000
8.6227000000 12.9171000000
2.0546000000 29.5659000000
8.3919000000 12.9296000000
7.1690000000 13.1991000000
3.7179000000 18.2066000000
6.9578000000 13.2929000000
3.9305000000 17.5408000000
6.7834000000 13.3997000000
8.4587000000 12.9241000000
3.7629000000 18.0300000000
1.7809000000 33.9509000000
7.1635000000 13.1985000000
7.5111000000 13.0785000000
7.5195000000 13.0782000000
6.2898000000 13.7253000000
3.1048000000 20.6855000000
3.8150000000 17.8973000000
6.0477000000 13.9691000000
5.0047000000 15.3047000000
7.3262000000 13.1369000000
8.6455000000 12.9165000000
5.9854000000 14.0267000000
8.1792000000 12.9594000000
4.5740000000 16.0083000000
4.4915000000 16.1906000000
7.6468000000 13.0456000000
8.3835000000 12.9331000000
2.0821000000 29.1398000000
1.6574000000 36.5727000000
2.1639000000 28.1410000000
3.5708000000 18.8590000000
7.6188000000 13.0535000000
3.7566000000 18.0281000000
8.0111000000 12.9822000000
4.4099000000 16.3637000000
7.9349000000 12.9885000000
5.5569000000 14.5105000000
8.3370000000 12.9352000000
3.7364000000 18.0932000000
6.9877000000 13.2769000000
7.5111000000 13.0785000000
8.4091000000 12.9280000000
4.3654000000 16.4745000000
4.4837000000 16.2081000000
2.5165000000 24.5155000000
7.5510000000 13.0685000000
8.2111000000 12.9496000000
6.0006000000 13.9940000000
6.3149000000 13.7238000000
3.7364000000 18.0932000000
6.0413000000 13.9831000000
6.0152000000 13.9935000000
6.9578000000 13.2929000000
4.6417000000 15.9323000000
6.9654000000 13.3156000000
3.8172000000 17.8650000000
4.5920000000 15.9651000000
3.1145000000 20.6270000000
2.5927000000 23.9101000000
6.9062000000 13.3221000000
4.3701000000 16.5093000000
5.0427000000 15.2409000000
7.5821000000 13.0684000000
6.9177000000 13.3147000000
7.7845000000 13.0182000000
3.4725000000 19.1377000000
7.1412000000 13.2044000000
8.7695000000 12.9142000000
8.3370000000 12.9352000000
6.1076000000 13.9443000000
4.9129000000 15.4534000000
5.9304000000 14.0647000000
6.4392000000 13.6062000000
1.1895000000 52.6646000000
4.9923000000 15.2989000000
6.2850000000 13.7717000000
3.9620000000 17.4997000000
6.0006000000 13.9940000000
8.3370000000 12.9352000000
6.3635000000 13.6643000000
2.0546000000 29.5659000000
4.9830000000 15.3133000000
6.9751000000 13.2843000000
3.7364000000 18.0932000000
6.7749000000 13.4124000000
4.6575000000 15.8879000000
5.3051000000 14.8235000000
3.7258000000 18.1613000000
1.7809000000 33.9509000000
2.5618000000 24.0430000000
7.1180000000 13.2186000000
6.4055000000 13.6434000000
2.9294000000 21.6265000000
8.3669000000 12.9347000000
3.1048000000 20.6855000000
1.7917000000 33.6594000000
7.0339000000 13.2554000000
6.0744000000 13.9276000000
2.8139000000 22.2667000000
7.2917000000 13.1525000000
2.6892000000 23.0830000000
8.1792000000 12.9594000000
7.6537000000 13.0466000000
5.1255000000 15.0905000000
4.4915000000 16.1906000000
2.0558000000 29.4377000000
7.5471000000 13.0692000000
1.7268000000 35.0795000000
3.2364000000 20.0128000000
6.9662000000 13.2902000000
2.1639000000 28.1410000000
7.6185000000 13.0538000000
4.0728000000 17.1824000000
8.0111000000 12.9822000000
7.0392000000 13.2613000000
5.5569000000 14.5105000000
8.3265000000 12.9375000000
6.9961000000 13.2734000000
2.7058000000 23.0655000000
7.3006000000 13.1433000000
7.8128000000 13.0101000000
8.4091000000 12.9280000000
8.2111000000 12.9496000000
6.9877000000 13.2769000000
8.3919000000 12.9296000000
5.5723000000 14.4801000000
7.3006000000 13.1433000000
6.0151000000 13.9865000000
6.3149000000 13.7238000000
6.1390000000 13.8649000000
3.7364000000 18.0932000000
6.0413000000 13.9831000000
6.0679000000 13.9512000000
2.1288000000 28.3867000000
8.3542000000 12.9336000000
7.3681000000 13.1205000000
2.3074000000 26.3080000000
2.5927000000 23.9101000000
8.3648000000 12.9562000000
7.8873000000 12.9984000000
8.6227000000 12.9171000000
5.0427000000 15.2409000000
7.5821000000 13.0684000000
7.9680000000 12.9831000000
3.4725000000 19.1377000000
3.8954000000 17.6187000000
1.2057000000 51.3801000000
8.3199000000 12.9380000000
6.1076000000 13.9443000000
2.4454000000 25.1634000000
3.7841000000 17.9663000000
3.5160000000 18.9772000000
8.3919000000 12.9296000000
4.4974000000 16.1839000000
8.0220000000 12.9868000000
3.7623000000 18.0535000000
7.5111000000 13.0785000000
5.3886000000 14.7138000000
2.0546000000 29.5659000000
3.7381000000 18.1376000000
2.4951000000 24.5497000000
3.7356000000 18.0969000000
4.5920000000 15.9651000000
3.9305000000 17.5408000000
3.7635000000 18.0121000000
8.0656000000 12.9696000000
1.6377000000 36.8899000000
5.1193000000 15.1177000000
5.6856000000 14.3434000000
6.9177000000 13.3147000000
6.6359000000 13.5002000000
7.3328000000 13.1413000000
5.9304000000 14.0647000000
7.3192000000 13.1432000000
3.1048000000 20.6855000000
7.5111000000 13.0785000000
7.0339000000 13.2554000000
6.0396000000 13.9675000000
7.2917000000 13.1525000000
2.5381000000 24.1975000000
3.2485000000 19.9586000000
2.0558000000 29.4377000000
6.4392000000 13.6062000000
1.6574000000 36.5727000000
2.1639000000 28.1410000000
7.6831000000 13.0394000000
8.2706000000 12.9425000000
3.7566000000 18.0281000000
8.0111000000 12.9822000000
7.0392000000 13.2613000000
3.8052000000 17.8796000000
8.7073000000 12.9152000000
7.0108000000 13.2693000000
2.4722000000 24.8991000000
7.3090000000 13.1406000000
3.1095000000 20.7007000000
2.2821000000 26.6685000000
1.6990000000 35.6182000000
6.9877000000 13.2769000000
6.6355000000 13.5003000000
6.0151000000 13.9865000000
5.0988000000 15.1211000000
3.0202000000 21.0782000000
6.0413000000 13.9831000000
8.3542000000 12.9336000000
7.1792000000 13.1888000000
7.3681000000 13.1205000000
8.7073000000 12.9152000000
6.8825000000 13.3571000000
3.1145000000 20.6270000000
2.5927000000 23.9101000000
7.5111000000 13.0785000000
5.5365000000 14.5245000000
7.5821000000 13.0684000000
6.8865000000 13.3556000000
3.9098000000 17.5864000000
1.2088000000 51.2081000000
8.7695000000 12.9142000000
8.3030000000 12.9401000000
6.1076000000 13.9443000000
6.2873000000 13.7735000000
2.4454000000 25.1634000000
5.5365000000 14.5245000000
8.3919000000 12.9296000000
6.2898000000 13.7253000000
3.7623000000 18.0535000000
7.5111000000 13.0785000000
8.6227000000 12.9171000000
2.5144000000 24.5346000000
3.4694000000 19.1237000000
7.9680000000 12.9831000000
8.4091000000 12.9280000000
3.7635000000 18.0121000000
3.7258000000 18.1613000000
5.1193000000 15.1177000000
7.1635000000 13.1985000000
4.1150000000 17.0477000000
6.9177000000 13.3147000000
3.1350000000 20.5302000000
6.6359000000 13.5002000000
2.9386000000 21.6075000000
4.4725000000 16.2038000000
5.3051000000 14.8235000000
6.9877000000 13.2769000000
6.0411000000 14.0081000000
2.8237000000 22.2460000000
7.2917000000 13.1525000000
2.7037000000 23.0774000000
4.9084000000 15.4188000000
6.4392000000 13.6062000000
8.3835000000 12.9331000000
3.3149000000 19.6752000000
3.5680000000 18.8839000000
7.6831000000 13.0394000000
3.9530000000 17.4773000000
5.5872000000 14.4617000000
8.0111000000 12.9822000000
4.4099000000 16.3637000000
4.4725000000 16.2038000000
5.5182000000 14.5601000000
3.7931000000 17.9338000000
3.1095000000 20.7007000000
7.0677000000 13.2459000000
7.8128000000 13.0101000000
8.2111000000 12.9496000000
1.7024000000 35.5712000000
2.6426000000 23.4166000000
6.6355000000 13.5003000000
8.2706000000 12.9425000000
6.1055000000 13.8980000000
3.0406000000 21.0064000000
6.0413000000 13.9831000000
6.0679000000 13.9512000000
1.8031000000 33.3075000000
8.3542000000 12.9336000000
7.1792000000 13.1888000000
4.6145000000 15.9403000000
2.5927000000 23.9101000000
8.6227000000 12.9171000000
7.5111000000 13.0785000000
7.5821000000 13.0684000000
8.3370000000 12.9352000000
7.9680000000 12.9831000000
7.1412000000 13.2044000000
8.7695000000 12.9142000000
8.2667000000 12.9441000000
6.1076000000 13.9443000000
4.9129000000 15.4534000000
4.5145000000 16.1170000000
3.5656000000 18.8864000000
3.0506000000 21.0184000000
4.4974000000 16.1839000000
8.6227000000 12.9171000000
5.6437000000 14.3925000000
7.5111000000 13.0785000000
4.5643000000 16.0408000000
7.1665000000 13.1995000000
2.0546000000 29.5659000000
3.7381000000 18.1376000000
2.5144000000 24.5346000000
3.7276000000 18.1518000000
3.4694000000 19.1237000000
4.6279000000 15.9528000000
3.7635000000 18.0121000000
7.3765000000 13.1178000000
8.3570000000 12.9377000000
8.4531000000 12.9245000000
8.2706000000 12.9425000000
3.7629000000 18.0300000000
4.4725000000 16.2038000000
5.3051000000 14.8235000000
7.3192000000 13.1432000000
6.9877000000 13.2769000000
7.7114000000 13.0312000000
2.8064000000 22.4090000000
2.7037000000 23.0774000000
7.5471000000 13.0692000000
3.3461000000 19.5436000000
4.8515000000 15.5097000000
6.9177000000 13.3147000000
5.2176000000 14.9517000000
6.8825000000 13.3571000000
1.6469000000 36.7307000000
6.9662000000 13.2902000000
3.3149000000 19.6752000000
8.2706000000 12.9425000000
2.1962000000 27.4841000000
8.0111000000 12.9822000000
4.4438000000 16.2755000000
7.5111000000 13.0785000000
5.5182000000 14.5601000000
8.4587000000 12.9241000000
7.0108000000 13.2693000000
2.4722000000 24.8991000000
7.3090000000 13.1406000000
7.0677000000 13.2459000000
7.8128000000 13.0101000000
1.8298000000 32.8093000000
8.0540000000 12.9700000000
3.3878000000 19.3632000000
1.7024000000 35.5712000000
6.9877000000 13.2769000000
8.3919000000 12.9296000000
2.6349000000 23.6571000000
6.6355000000 13.5003000000
7.3681000000 13.1205000000
6.3635000000 13.6643000000
5.0988000000 15.1211000000
8.0094000000 12.9819000000
6.0679000000 13.9512000000
1.6975000000 35.6783000000
8.3542000000 12.9336000000
7.1792000000 13.1888000000
4.6145000000 15.9403000000
7.3681000000 13.1205000000
8.7073000000 12.9152000000
2.5927000000 23.9101000000
3.4725000000 19.1377000000
3.0460000000 21.0444000000
1.3277000000 45.8200000000
6.0687000000 14.0127000000
8.2706000000 12.9425000000
7.3765000000 13.1178000000
4.5145000000 16.1170000000
3.0506000000 21.0184000000
5.9304000000 14.0647000000
4.4974000000 16.1839000000
4.9923000000 15.2989000000
5.6569000000 14.3832000000
6.3074000000 13.7218000000
6.0164000000 13.9856000000
8.4091000000 12.9280000000
8.6227000000 12.9171000000
2.0546000000 29.5659000000
4.9004000000 15.4331000000
3.7276000000 18.1518000000
3.1157000000 20.5851000000
7.9932000000 12.9825000000
5.8046000000 14.2038000000
3.7635000000 18.0121000000
6.8906000000 13.3299000000
8.3570000000 12.9377000000
8.7695000000 12.9142000000
6.3294000000 13.6915000000
6.9177000000 13.3147000000
8.7695000000 12.9142000000
2.9386000000 21.6075000000
3.7500000000 18.0549000000
6.9877000000 13.2769000000
7.0876000000 13.2281000000
5.9057000000 14.0924000000
7.6901000000 13.0366000000
7.5111000000 13.0785000000
7.5657000000 13.0660000000
2.4837000000 24.6421000000
2.0558000000 29.4377000000
4.2034000000 16.8615000000
3.3655000000 19.4910000000
4.8515000000 15.5097000000
3.7364000000 18.0932000000
1.7268000000 35.0795000000
5.2176000000 14.9517000000
6.8825000000 13.3571000000
3.8954000000 17.6187000000
6.9662000000 13.2902000000
3.3288000000 19.6473000000
7.6831000000 13.0394000000
3.9530000000 17.4773000000
4.4438000000 16.2755000000
5.5263000000 14.5536000000
8.3265000000 12.9375000000
6.0006000000 13.9940000000
8.4587000000 12.9241000000
2.4722000000 24.8991000000
3.1095000000 20.7007000000
4.4725000000 16.2038000000
7.8083000000 13.0150000000
3.3916000000 19.3603000000
8.2111000000 12.9496000000
1.7024000000 35.5712000000
6.9877000000 13.2769000000
8.3919000000 12.9296000000
7.1868000000 13.2036000000
6.6355000000 13.5003000000
8.6455000000 12.9165000000
7.3006000000 13.1433000000
6.0699000000 13.9393000000
6.0413000000 13.9831000000
6.0679000000 13.9512000000
1.6975000000 35.6783000000
8.4531000000 12.9245000000
2.9922000000 21.2305000000
6.9578000000 13.2929000000
3.1145000000 20.6270000000
8.6227000000 12.9171000000
7.4881000000 13.0888000000
5.5343000000 14.5353000000
5.0427000000 15.2409000000
3.4725000000 19.1377000000
8.2546000000 12.9451000000
3.0460000000 21.0444000000
3.5554000000 18.7218000000
8.2056000000 12.9516000000
7.3765000000 13.1178000000
5.0988000000 15.1211000000
5.5567000000 14.5120000000
3.5656000000 18.8864000000
