135 individuos gerados com o rmcPrim
	102 sucesso no rmcPrim
	33 rmcPrim no rand
	0 individuos gerados que ja estavam na pop
Tempo(s) = 1.95
6.0476000000 58.6051000000
3.8135000000 107.6098000000
3.5592000000 152.3064000000
3.1352000000 259.1218000000
47.0356000000 13.1150000000
43.0188000000 13.1889000000
41.2922000000 13.2394000000
40.8123000000 13.2591000000
38.2485000000 13.2899000000
37.1230000000 13.4429000000
35.5773000000 13.6413000000
35.5950000000 13.5868000000
33.9445000000 13.8354000000
32.4426000000 13.9039000000
31.0020000000 13.9614000000
30.2102000000 14.1751000000
28.5931000000 14.4665000000
27.0961000000 14.9815000000
26.6160000000 15.0366000000
25.3872000000 15.4150000000
25.2003000000 15.6144000000
24.5518000000 16.0232000000
25.0903000000 15.9481000000
24.1489000000 16.1706000000
23.6310000000 16.6708000000
23.4682000000 16.8046000000
21.9645000000 16.9073000000
21.1614000000 17.5155000000
20.5077000000 17.6367000000
20.3242000000 17.9227000000
20.0805000000 18.1298000000
18.8412000000 19.0721000000
18.2897000000 19.3182000000
17.5432000000 20.2459000000
17.3954000000 20.6199000000
17.2073000000 20.6973000000
16.8703000000 20.7471000000
16.6742000000 20.8824000000
16.4121000000 21.6436000000
16.0958000000 22.1739000000
15.4094000000 22.3031000000
15.0374000000 22.5500000000
14.5075000000 23.4917000000
14.2389000000 23.8303000000
14.2115000000 24.0438000000
13.9407000000 24.6098000000
13.3712000000 25.2426000000
13.1301000000 26.3089000000
12.4484000000 26.7506000000
12.6307000000 26.4668000000
11.7918000000 27.9486000000
11.7193000000 29.0362000000
11.7351000000 28.8280000000
11.5659000000 29.1643000000
11.0993000000 29.9958000000
11.0884000000 30.2385000000
10.0437000000 32.9176000000
9.9252000000 34.3342000000
9.7459000000 34.3575000000
9.9866000000 33.2577000000
9.3638000000 36.4346000000
8.7379000000 36.8353000000
8.6300000000 37.7301000000
8.5565000000 40.3780000000
8.5413000000 40.9235000000
8.2413000000 42.0477000000
7.6392000000 46.2233000000
7.6679000000 45.2899000000
7.1132000000 48.7592000000
6.9497000000 51.6357000000
6.8363000000 52.1209000000
6.8020000000 52.1659000000
5.9990000000 62.2824000000
5.7299000000 63.8492000000
5.7172000000 71.7183000000
5.1032000000 73.7581000000
4.8504000000 80.8441000000
4.5395000000 89.7894000000
4.1889000000 98.2616000000
3.5786000000 147.0511000000
