16.1289000000 20.3625000000
8.7868000000 29.9900000000
8.9307000000 29.5170000000
20.0445000000 18.9524000000
13.7919000000 22.0059000000
13.3758000000 22.4124000000
5.5888000000 43.5604000000
5.6229000000 43.2303000000
5.3363000000 45.7506000000
1.9897000000 135.3367000000
1.5740000000 221.4981000000
19.5650000000 19.0789000000
1.8375000000 148.5390000000
22.3455000000 18.5508000000
1.7101000000 151.6108000000
2.4153000000 103.2917000000
2.9069000000 86.8946000000
1.9919000000 134.9799000000
7.8460000000 32.7188000000
18.5621000000 19.3807000000
16.6938000000 20.0741000000
18.7179000000 19.3467000000
1.7200000000 149.9825000000
24.3753000000 18.3633000000
19.9909000000 18.9565000000
1.5733000000 222.2843000000
23.5412000000 18.4321000000
15.8437000000 20.5387000000
12.4050000000 23.4402000000
2.4911000000 96.5297000000
2.4229000000 102.3928000000
2.3261000000 110.1103000000
1.9655000000 136.1205000000
21.6429000000 18.6569000000
6.4762000000 38.9173000000
12.3506000000 23.4509000000
2.1924000000 119.1412000000
1.5431000000 222.7416000000
3.1627000000 75.1371000000
22.3836000000 18.5457000000
2.1903000000 119.3613000000
1.5405000000 223.2830000000
2.5436000000 94.1301000000
22.0296000000 18.5668000000
9.6310000000 27.7907000000
2.2940000000 110.9728000000
9.9257000000 27.2335000000
2.1960000000 118.1915000000
1.9610000000 136.2896000000
1.5325000000 224.3316000000
1.9473000000 136.4571000000
15.0244000000 21.0339000000
1.9454000000 136.6448000000
12.4290000000 23.3714000000
2.9107000000 86.7199000000
21.2229000000 18.7104000000
1.8378000000 148.3208000000
4.9439000000 49.2716000000
1.9289000000 136.8168000000
6.9668000000 35.9797000000
1.4619000000 226.1932000000
22.3849000000 18.5370000000
6.4311000000 39.2259000000
6.6605000000 37.2897000000
20.5690000000 18.8478000000
20.9978000000 18.7846000000
6.3978000000 39.2671000000
1.4543000000 228.1621000000
22.8200000000 18.5041000000
21.7072000000 18.6561000000
10.6478000000 25.9545000000
1.8408000000 147.6382000000
10.9579000000 25.3842000000
3.6593000000 68.1095000000
2.8967000000 87.0688000000
19.7433000000 19.0491000000
19.8383000000 19.0064000000
23.1567000000 18.4674000000
1.8466000000 146.0331000000
14.6180000000 21.3069000000
2.8993000000 86.9656000000
22.8704000000 18.4934000000
11.3380000000 24.8465000000
17.3868000000 19.8279000000
21.5520000000 18.6790000000
2.0181000000 122.0448000000
8.3812000000 31.0681000000
20.1503000000 18.9361000000
1.4436000000 228.6553000000
2.0138000000 122.2548000000
2.9167000000 82.1279000000
18.9045000000 19.2640000000
10.9110000000 25.5247000000
2.8942000000 87.0817000000
3.4811000000 70.5358000000
24.0602000000 18.3887000000
17.4445000000 19.7930000000
15.8171000000 20.5885000000
4.1011000000 59.4489000000
8.3593000000 31.0903000000
3.2891000000 73.5759000000
2.8565000000 87.2554000000
1.6893000000 162.5634000000
1.4405000000 229.4456000000
5.2512000000 46.1520000000
3.3971000000 70.8616000000
19.9331000000 18.9741000000
18.8264000000 19.2945000000
18.0233000000 19.5791000000
6.5373000000 38.0146000000
5.9423000000 42.4551000000
5.0142000000 48.3269000000
4.3210000000 56.0966000000
3.6831000000 66.3441000000
4.0213000000 59.9811000000
2.0160000000 122.2479000000
17.8388000000 19.6519000000
3.2713000000 73.6013000000
2.4253000000 100.7105000000
1.6265000000 163.7144000000
2.0205000000 121.4049000000
22.8990000000 18.4854000000
19.4726000000 19.0930000000
17.3689000000 19.8393000000
15.9647000000 20.5367000000
14.8774000000 21.1611000000
7.9505000000 32.2502000000
4.3777000000 55.6437000000
16.9234000000 19.9988000000
8.6822000000 30.1161000000
7.4414000000 34.1081000000
5.9827000000 41.2786000000
4.8855000000 49.6294000000
4.7441000000 51.2819000000
4.2423000000 56.3470000000
3.7803000000 63.5709000000
3.1093000000 75.9696000000
1.6242000000 163.8173000000
2.0183000000 121.4118000000
23.5620000000 18.4255000000
11.3131000000 24.8808000000
18.5023000000 19.4330000000
17.9972000000 19.5865000000
17.7746000000 19.6967000000
16.6109000000 20.1584000000
16.1979000000 20.3552000000
4.0663000000 59.5791000000
14.4589000000 21.5029000000
13.8826000000 21.9414000000
13.5742000000 22.1332000000
7.9429000000 32.2637000000
5.3660000000 45.3748000000
4.7341000000 51.3100000000
4.6094000000 53.1318000000
3.7677000000 63.6271000000
5.1195000000 47.4632000000
3.0513000000 78.1071000000
1.6210000000 164.0418000000
2.7255000000 87.9683000000
23.6136000000 18.4134000000
23.2805000000 18.4349000000
4.5606000000 53.2252000000
11.2783000000 24.9070000000
21.8513000000 18.6500000000
21.2575000000 18.6987000000
17.8221000000 19.6589000000
17.3741000000 19.8349000000
17.0060000000 19.9914000000
16.6648000000 20.1200000000
16.4842000000 20.2007000000
14.7282000000 21.2612000000
13.7024000000 22.0624000000
7.9188000000 32.2940000000
13.4235000000 22.3163000000
11.3413000000 24.8148000000
11.6927000000 24.3888000000
12.1397000000 23.8303000000
11.5980000000 24.4736000000
4.3274000000 55.8092000000
10.5067000000 26.1899000000
11.7868000000 24.2380000000
8.5220000000 30.6228000000
8.3306000000 31.1199000000
8.3258000000 31.1204000000
7.1320000000 35.7588000000
6.7707000000 36.9787000000
5.9098000000 42.4593000000
3.3037000000 73.2510000000
2.4374000000 100.2482000000
2.6967000000 88.2118000000
1.9932000000 123.3119000000
1.4335000000 230.5861000000
25.3499000000 18.3476000000
23.6848000000 18.4050000000
23.2901000000 18.4326000000
22.9079000000 18.4696000000
22.6205000000 18.5156000000
22.5374000000 18.5305000000
21.8596000000 18.6119000000
21.5868000000 18.6617000000
21.2652000000 18.6814000000
21.1158000000 18.7263000000
20.7924000000 18.7927000000
20.6006000000 18.8331000000
20.3004000000 18.8845000000
19.9512000000 18.9735000000
19.8713000000 18.9855000000
19.8195000000 19.0267000000
19.2087000000 19.1713000000
18.7344000000 19.2951000000
18.5090000000 19.4117000000
18.0331000000 19.5431000000
17.8991000000 19.5919000000
17.4887000000 19.7453000000
17.3956000000 19.8034000000
17.3096000000 19.8529000000
16.4451000000 20.2102000000
16.2045000000 20.3392000000
16.0290000000 20.4101000000
15.6648000000 20.6652000000
15.5608000000 20.6749000000
15.3884000000 20.7825000000
15.4497000000 20.7381000000
15.1812000000 20.9358000000
14.9905000000 21.0473000000
14.8979000000 21.0897000000
14.6859000000 21.2728000000
14.5770000000 21.3320000000
14.1703000000 21.6205000000
14.2194000000 21.6186000000
13.9121000000 21.8797000000
13.6142000000 22.0860000000
13.5887000000 22.0991000000
13.4670000000 22.2801000000
13.4013000000 22.3280000000
13.2158000000 22.4973000000
13.2026000000 22.5229000000
13.0332000000 22.6675000000
12.9683000000 22.7400000000
12.7537000000 22.9632000000
12.6109000000 23.1400000000
12.2118000000 23.7016000000
12.0326000000 23.8981000000
11.9769000000 23.9267000000
11.5598000000 24.4918000000
11.5218000000 24.5675000000
11.3170000000 24.8543000000
11.0194000000 25.2841000000
10.9232000000 25.4779000000
10.8246000000 25.5643000000
10.6886000000 25.7960000000
10.5771000000 26.0155000000
10.4783000000 26.2107000000
10.3576000000 26.3779000000
10.2535000000 26.5778000000
10.0972000000 26.9735000000
9.9166000000 27.2810000000
9.7471000000 27.5391000000
9.5518000000 28.0680000000
9.4814000000 28.1163000000
9.3639000000 28.4093000000
9.3279000000 28.4649000000
9.0962000000 29.0711000000
8.7879000000 29.8182000000
8.6893000000 30.0148000000
8.4477000000 30.7250000000
8.3157000000 31.1574000000
8.2476000000 31.2751000000
8.1224000000 31.8029000000
8.0229000000 31.9781000000
7.8017000000 32.7863000000
7.6661000000 33.2521000000
7.5196000000 33.9055000000
7.3862000000 34.2098000000
7.2771000000 34.7124000000
7.1555000000 35.1929000000
7.0094000000 35.8280000000
6.7265000000 37.0310000000
6.4991000000 38.1463000000
6.2179000000 39.8571000000
6.1298000000 40.3084000000
5.9523000000 41.3604000000
5.7437000000 42.7497000000
5.5020000000 44.2868000000
5.3398000000 45.4182000000
5.1774000000 46.6189000000
4.9963000000 48.4459000000
4.8290000000 49.8538000000
4.6294000000 51.8054000000
4.4265000000 53.7587000000
4.2114000000 56.4700000000
3.8771000000 61.5573000000
3.6880000000 63.9617000000
3.4985000000 68.4803000000
3.2288000000 73.6438000000
3.0037000000 78.5442000000
2.7498000000 87.5240000000
2.4304000000 100.3712000000
1.5758000000 165.5600000000
1.4061000000 230.7383000000
