Tempo(s) = 21.55
5.9601000000 14.0398000000
1.3803000000 43.8414000000
1.4458000000 41.6635000000
2.5338000000 24.2385000000
1.2109000000 51.0761000000
1.5618000000 38.4792000000
1.1785000000 53.6924000000
2.3184000000 26.3009000000
2.5299000000 24.2884000000
1.7809000000 33.9509000000
1.5621000000 38.3774000000
2.3293000000 26.2864000000
5.2336000000 14.9250000000
5.0490000000 15.2132000000
2.1226000000 28.3537000000
8.1834000000 12.9549000000
4.3701000000 16.5093000000
1.4409000000 41.6900000000
1.1731000000 53.8509000000
2.9203000000 21.6399000000
2.6789000000 23.1557000000
1.9015000000 31.6775000000
2.5217000000 24.3282000000
1.7971000000 33.4769000000
1.7576000000 34.1806000000
1.1637000000 54.8283000000
1.1498000000 57.7691000000
2.9557000000 21.4765000000
1.7511000000 34.3803000000
2.1640000000 27.8534000000
1.1835000000 52.8819000000
2.9464000000 21.4851000000
3.5899000000 18.6029000000
5.6313000000 14.4351000000
2.0624000000 29.1543000000
2.8545000000 22.0387000000
2.0352000000 29.6855000000
3.4435000000 19.1458000000
1.2013000000 51.7934000000
1.6796000000 35.7463000000
1.5237000000 39.3609000000
1.1822000000 52.9944000000
1.1982000000 51.8335000000
1.4511000000 41.3871000000
1.7474000000 34.7245000000
2.0946000000 28.7123000000
1.7045000000 35.2362000000
1.8506000000 32.4339000000
2.7503000000 22.6819000000
1.7063000000 35.1975000000
1.6726000000 35.8866000000
3.6162000000 18.4987000000
1.3787000000 44.8579000000
3.0919000000 20.7019000000
1.2241000000 50.2124000000
1.3757000000 44.9158000000
4.6955000000 15.7748000000
5.5981000000 14.4483000000
2.2277000000 27.2534000000
1.7661000000 34.0142000000
2.7424000000 22.7200000000
1.3369000000 45.3818000000
1.2281000000 50.1376000000
2.2362000000 27.0546000000
1.5581000000 38.9914000000
2.0045000000 29.9808000000
1.5099000000 39.7282000000
2.2181000000 27.3450000000
1.7280000000 34.7649000000
1.6711000000 36.0378000000
1.2188000000 50.4645000000
1.2316000000 49.7205000000
1.2791000000 47.7948000000
1.2027000000 51.4622000000
1.3496000000 45.2856000000
2.2879000000 26.5052000000
3.4876000000 18.9775000000
1.1526000000 56.8282000000
2.9621000000 21.3973000000
1.8579000000 32.3045000000
1.8950000000 31.8630000000
1.8768000000 31.9764000000
1.1507000000 56.8932000000
3.6067000000 18.5324000000
1.8815000000 31.8980000000
1.2799000000 47.3859000000
4.0236000000 17.2740000000
1.9726000000 30.5819000000
3.9105000000 17.5766000000
7.7117000000 13.0309000000
1.4661000000 41.0023000000
3.6020000000 18.5487000000
2.2974000000 26.4087000000
1.4978000000 40.1182000000
1.6205000000 36.9971000000
1.6176000000 37.0475000000
1.5960000000 37.6217000000
1.4833000000 40.4657000000
1.5173000000 39.5301000000
1.1921000000 52.1937000000
2.1716000000 27.7639000000
1.1527000000 56.3667000000
1.6071000000 37.2876000000
1.3476000000 45.2933000000
1.3903000000 43.3404000000
3.5955000000 18.5726000000
6.5636000000 13.5243000000
2.1848000000 27.6108000000
1.6090000000 37.2434000000
1.1859000000 52.6716000000
1.1647000000 54.7114000000
3.2205000000 20.0848000000
6.5330000000 13.5438000000
1.3292000000 45.4852000000
2.0853000000 29.0671000000
1.5023000000 39.9366000000
7.5903000000 13.0585000000
5.6703000000 14.3600000000
4.6771000000 15.8085000000
4.5303000000 16.0938000000
7.6985000000 13.0343000000
3.1967000000 20.1952000000
4.5319000000 16.0805000000
1.9754000000 30.4121000000
1.1534000000 56.2144000000
5.8974000000 14.1001000000
1.2307000000 50.0347000000
2.8750000000 21.8932000000
2.2312000000 27.1049000000
2.9572000000 21.4584000000
3.8476000000 17.7557000000
2.0590000000 29.2013000000
3.3557000000 19.4939000000
3.9866000000 17.3668000000
5.4378000000 14.6669000000
3.9629000000 17.4315000000
2.5171000000 24.3654000000
4.0411000000 17.2197000000
1.1552000000 55.8897000000
3.4742000000 19.0743000000
1.6118000000 37.1791000000
3.0051000000 21.1602000000
1.8229000000 33.2124000000
2.4585000000 24.9300000000
3.8710000000 17.6883000000
5.3614000000 14.7676000000
4.5807000000 15.9864000000
2.8605000000 21.9805000000
1.9493000000 30.9605000000
5.4198000000 14.6729000000
7.7631000000 13.0199000000
2.4724000000 24.7383000000
3.0740000000 20.7905000000
6.5006000000 13.5649000000
2.5488000000 24.1448000000
2.3447000000 25.9359000000
1.4483000000 41.5325000000
4.0505000000 17.1948000000
4.2830000000 16.6296000000
6.2030000000 13.8004000000
6.1701000000 13.8382000000
4.4708000000 16.2411000000
2.9416000000 21.5185000000
1.1906000000 52.3047000000
1.1792000000 53.4968000000
2.4492000000 24.9452000000
5.4842000000 14.5903000000
5.6937000000 14.3317000000
2.7504000000 22.6633000000
7.8688000000 12.9997000000
6.2261000000 13.7802000000
1.9388000000 30.9717000000
5.7720000000 14.2678000000
1.2514000000 48.9795000000
1.9629000000 30.6001000000
6.5130000000 13.5567000000
4.4981000000 16.1579000000
3.0771000000 20.7746000000
3.2718000000 19.8549000000
2.7195000000 22.8700000000
2.0991000000 28.6512000000
1.5779000000 38.2412000000
3.1255000000 20.5376000000
5.1913000000 14.9862000000
1.1744000000 53.7218000000
7.8980000000 12.9946000000
3.4270000000 19.2106000000
5.0624000000 15.1756000000
4.5214000000 16.1010000000
4.0999000000 17.0650000000
7.4103000000 13.1072000000
7.8220000000 13.0093000000
5.8541000000 14.1478000000
1.2385000000 49.3446000000
5.3774000000 14.7302000000
7.2603000000 13.1576000000
2.5492000000 24.1107000000
4.9217000000 15.3933000000
4.0258000000 17.2608000000
2.5362000000 24.2125000000
7.3441000000 13.1284000000
5.9349000000 14.0601000000
2.4905000000 24.5850000000
6.1550000000 13.8433000000
3.4006000000 19.3115000000
5.2697000000 14.9178000000
5.9248000000 14.0706000000
1.5909000000 37.6705000000
3.3337000000 19.5853000000
6.6479000000 13.4713000000
4.1286000000 16.9933000000
4.1519000000 16.9364000000
4.4528000000 16.2463000000
7.6058000000 13.0547000000
7.4588000000 13.0932000000
3.3336000000 19.6404000000
3.1906000000 20.3014000000
7.2439000000 13.1636000000
1.1665000000 54.5158000000
4.7219000000 15.7268000000
3.4091000000 19.2780000000
1.6585000000 36.1778000000
1.8322000000 32.7648000000
2.9146000000 21.6639000000
6.4627000000 13.5901000000
6.9745000000 13.2896000000
7.4512000000 13.0985000000
5.3746000000 14.7319000000
7.1328000000 13.2079000000
2.1128000000 28.4990000000
4.9268000000 15.3851000000
4.2625000000 16.6771000000
2.7378000000 22.7452000000
7.8649000000 13.0004000000
4.4134000000 16.3332000000
4.5522000000 16.0411000000
8.1257000000 12.9601000000
2.5316000000 24.2866000000
7.4964000000 13.0826000000
3.7673000000 17.9948000000
3.6643000000 18.3341000000
5.7431000000 14.2743000000
6.1181000000 13.8778000000
2.2002000000 27.4402000000
5.3163000000 14.8085000000
5.8744000000 14.1253000000
7.0157000000 13.2635000000
5.9612000000 14.0335000000
6.1713000000 13.8282000000
7.5327000000 13.0728000000
6.3866000000 13.6441000000
8.4423000000 12.9253000000
8.7499000000 12.9144000000
6.7302000000 13.4218000000
7.0022000000 13.2694000000
6.6831000000 13.4497000000
4.7966000000 15.5981000000
6.3785000000 13.6506000000
8.0281000000 12.9736000000
3.7982000000 17.9004000000
2.9008000000 21.7424000000
6.3826000000 13.6505000000
7.7222000000 13.0286000000
7.0689000000 13.2364000000
4.0812000000 17.1239000000
4.2086000000 16.8026000000
6.3591000000 13.6666000000
6.6824000000 13.4528000000
3.8286000000 17.8109000000
3.0617000000 20.8552000000
5.2932000000 14.8395000000
1.9170000000 31.3158000000
4.8275000000 15.5462000000
5.0527000000 15.2039000000
6.7203000000 13.4276000000
7.0429000000 13.2491000000
3.6371000000 18.4270000000
2.4821000000 24.6556000000
5.0109000000 15.2539000000
7.2066000000 13.1777000000
2.5648000000 23.9912000000
3.6209000000 18.4824000000
6.4130000000 13.6247000000
2.0116000000 29.8777000000
2.5750000000 23.9142000000
7.7851000000 13.0154000000
8.5063000000 12.9210000000
4.4371000000 16.2806000000
3.5920000000 18.5855000000
7.2894000000 13.1529000000
7.2815000000 13.1568000000
6.8230000000 13.3778000000
6.6990000000 13.4416000000
5.7870000000 14.2662000000
5.6700000000 14.3765000000
5.6223000000 14.4365000000
5.0969000000 15.1536000000
4.8161000000 15.5912000000
4.7416000000 15.7211000000
3.9976000000 17.3634000000
