135 individuos gerados com o rmcPrim
	132 sucesso no rmcPrim
	3 rmcPrim no rand
	0 individuos gerados que ja estavam na pop
Tempo(s) = 1.84
2.1841000000 138.6982000000
46.4449000000 11.8880000000
45.2131000000 11.9425000000
43.7938000000 11.9896000000
40.7860000000 12.0313000000
38.7146000000 12.0643000000
38.1308000000 12.1526000000
36.5223000000 12.2270000000
35.7633000000 12.2798000000
34.5876000000 12.3599000000
33.8888000000 12.4297000000
33.1886000000 12.5076000000
33.0370000000 12.5257000000
32.4430000000 12.5875000000
31.9571000000 12.6607000000
31.5740000000 12.7151000000
30.9879000000 12.7692000000
30.6381000000 12.8186000000
30.3972000000 12.8554000000
29.7180000000 13.0289000000
28.6049000000 13.1715000000
27.9835000000 13.3097000000
27.6494000000 13.3593000000
27.2944000000 13.5044000000
27.4414000000 13.4873000000
26.5840000000 13.5959000000
26.5627000000 13.7417000000
26.1428000000 13.7769000000
25.7773000000 13.8573000000
25.3298000000 13.9659000000
24.9354000000 14.1414000000
24.4849000000 14.2526000000
24.3819000000 14.2817000000
23.6126000000 14.5725000000
23.5835000000 14.5977000000
23.0806000000 14.7836000000
22.7764000000 15.0005000000
22.2541000000 15.0745000000
21.6980000000 15.3687000000
21.5976000000 15.4514000000
21.3518000000 15.4535000000
21.1140000000 15.5855000000
20.8924000000 15.7491000000
20.5525000000 15.9046000000
20.2986000000 16.0141000000
20.1841000000 16.0887000000
19.4862000000 16.4892000000
19.2870000000 16.5775000000
19.1569000000 16.6234000000
19.1346000000 16.6836000000
18.5759000000 17.0561000000
18.3460000000 17.2441000000
18.2687000000 17.2775000000
17.8931000000 17.6258000000
17.3883000000 17.8498000000
16.6662000000 18.5006000000
16.6708000000 18.4435000000
16.3506000000 18.6439000000
15.9908000000 19.0213000000
15.9401000000 19.1454000000
15.7388000000 19.2258000000
15.5819000000 19.3834000000
15.2324000000 19.7697000000
15.5393000000 19.4974000000
15.0893000000 19.9404000000
14.7264000000 20.3073000000
14.5784000000 20.4563000000
14.2540000000 20.7801000000
14.2013000000 20.8884000000
13.9840000000 21.1038000000
13.8243000000 21.4046000000
13.5789000000 21.6474000000
13.6476000000 21.5213000000
13.3671000000 21.8339000000
13.1060000000 22.2961000000
12.8910000000 22.5280000000
12.7308000000 22.8344000000
12.3050000000 23.4887000000
12.2191000000 23.5635000000
11.9049000000 24.0655000000
11.7335000000 24.4428000000
11.6642000000 24.6669000000
11.5388000000 24.7831000000
11.5352000000 24.8563000000
11.3262000000 25.2164000000
11.1954000000 25.4877000000
11.0369000000 25.8286000000
11.0087000000 25.9590000000
10.8124000000 26.3531000000
10.6933000000 26.6893000000
10.5089000000 27.1391000000
10.2770000000 27.6144000000
10.1792000000 27.8369000000
10.0295000000 28.4267000000
9.8319000000 28.9472000000
9.3909000000 30.0714000000
9.3425000000 30.7206000000
8.9058000000 31.6547000000
8.8173000000 31.9572000000
8.7615000000 32.3449000000
8.4945000000 32.9554000000
8.3537000000 33.6381000000
8.1584000000 34.5332000000
8.0870000000 34.9548000000
7.8650000000 36.0273000000
7.6547000000 36.9063000000
7.5100000000 37.6140000000
7.2104000000 38.8674000000
6.8849000000 40.7145000000
6.6701000000 41.9171000000
6.5945000000 42.1269000000
6.4301000000 43.6716000000
6.2966000000 44.1273000000
6.1315000000 45.6761000000
6.0178000000 46.8801000000
5.8300000000 48.7417000000
5.6842000000 50.0840000000
5.3550000000 52.5555000000
5.1301000000 55.6060000000
4.9661000000 58.0320000000
4.5886000000 62.0974000000
4.3118000000 67.3857000000
3.9256000000 74.0332000000
3.6041000000 81.2524000000
3.2983000000 88.9560000000
3.0203000000 98.1902000000
2.6283000000 114.5290000000
1.7922000000 185.7278000000
1.5618000000 263.9497000000
