100
0 1 40 50
0 2 89 35
0 3 97 23
0 4 50 21
0 5 41 67
0 6 6 73
0 7 22 22
0 8 44 43
0 9 55 34
0 10 21 14
0 11 99 41
0 12 2 61
0 13 44 32
0 14 75 53
0 15 44 15
0 16 83 26
0 17 31 64
0 18 47 66
0 19 44 56
0 20 45 28
0 21 15 63
0 22 30 67
0 23 78 25
0 24 62 27
0 25 12 9
0 26 84 57
0 27 73 75
0 28 28 73
0 29 51 40
0 30 1 73
0 31 23 54
0 32 39 65
0 33 21 25
0 34 60 54
0 35 84 48
0 36 51 23
0 37 23 66
0 38 69 75
0 39 100 98
0 40 23 67
0 41 96 73
0 42 23 27
0 43 52 20
0 44 10 44
0 45 27 15
0 46 90 34
0 47 43 84
0 48 18 28
0 49 11 61
0 50 9 64
0 51 72 33
0 52 32 34
0 53 88 38
0 54 97 25
0 55 39 24
0 56 23 20
0 57 23 30
0 58 70 91
0 59 13 64
0 60 50 65
0 61 22 18
0 62 97 55
0 63 42 63
0 64 81 25
0 65 87 97
0 66 72 59
0 67 95 96
0 68 13 73
0 69 36 69
0 70 87 91
0 71 87 87
0 72 56 82
0 73 65 89
0 74 19 72
0 75 49 86
0 76 30 15
0 77 54 23
0 78 6 56
0 79 16 46
0 80 26 6
0 81 77 38
0 82 30 72
0 83 47 83
0 84 93 98
0 85 90 45
0 86 61 70
0 87 21 50
0 88 87 22
0 89 64 24
0 90 17 66
0 91 31 10
0 92 93 50
0 93 4 17
0 94 16 60
0 95 31 77
0 96 96 88
0 97 31 42
0 98 9 67
0 99 63 82
1 2 45 28
1 3 5 53
1 4 91 71
1 5 11 52
1 6 27 26
1 7 59 74
1 8 96 76
1 9 77 72
1 10 76 45
1 11 93 76
1 12 74 88
1 13 94 33
1 14 41 79
1 15 48 50
1 16 15 47
1 17 7 2
1 18 91 71
1 19 79 41
1 20 31 49
1 21 11 80
1 22 78 72
1 23 42 68
1 24 87 80
1 25 72 21
1 26 51 45
1 27 78 87
1 28 42 61
1 29 13 6
1 30 42 46
1 31 28 74
1 32 12 13
1 33 25 56
1 34 66 36
1 35 72 93
1 36 26 45
1 37 34 83
1 38 48 45
1 39 62 73
1 40 20 19
1 41 79 48
1 42 66 72
1 43 95 36
1 44 21 15
1 45 17 54
1 46 35 7
1 47 69 31
1 48 23 12
1 49 75 53
1 50 21 70
1 51 6 75
1 52 98 91
1 53 21 24
1 54 28 61
1 55 41 71
1 56 49 63
1 57 52 85
1 58 73 46
1 59 43 64
1 60 91 78
1 61 84 49
1 62 19 49
1 63 21 30
1 64 49 89
1 65 0 46
1 66 68 45
1 67 76 68
1 68 33 85
1 69 89 51
1 70 89 77
1 71 98 20
1 72 48 78
1 73 94 71
1 74 2 38
1 75 56 67
1 76 92 77
1 77 96 50
1 78 44 54
1 79 6 19
1 80 4 43
1 81 90 45
1 82 70 76
1 83 50 32
1 84 51 55
1 85 47 84
1 86 78 73
1 87 1 43
1 88 14 55
1 89 56 71
1 90 44 56
1 91 17 15
1 92 2 13
1 93 8 39
1 94 35 83
1 95 53 76
1 96 99 38
1 97 39 61
1 98 63 18
1 99 78 53
2 3 50 41
2 4 35 28
2 5 46 59
2 6 18 24
2 7 28 15
2 8 92 32
2 9 43 55
2 10 49 46
2 11 57 65
2 12 3 20
2 13 56 17
2 14 65 63
2 15 47 77
2 16 57 89
2 17 70 42
2 18 85 67
2 19 90 20
2 20 82 42
2 21 82 24
2 22 38 44
2 23 100 32
2 24 53 50
2 25 54 36
2 26 46 80
2 27 38 60
2 28 89 82
2 29 60 28
2 30 24 18
2 31 59 63
2 32 35 53
2 33 76 31
2 34 18 50
2 35 99 66
2 36 23 20
2 37 83 95
2 38 57 57
2 39 96 84
2 40 65 57
2 41 77 36
2 42 9 18
2 43 68 79
2 44 26 19
2 45 77 41
2 46 91 82
2 47 24 8
2 48 37 53
2 49 27 30
2 50 16 52
2 51 64 86
2 52 61 33
2 53 69 69
2 54 93 52
2 55 66 71
2 56 65 50
2 57 94 82
2 58 85 26
2 59 67 42
2 60 98 49
2 61 84 76
2 62 46 57
2 63 57 25
2 64 73 61
2 65 89 98
2 66 52 67
2 67 7 4
2 68 81 91
2 69 84 53
2 70 49 28
2 71 69 64
2 72 75 61
2 73 77 41
2 74 85 37
2 75 72 76
2 76 16 9
2 77 3 26
2 78 40 35
2 79 84 86
2 80 2 66
2 81 44 33
2 82 42 86
2 83 9 9
2 84 99 99
2 85 65 86
2 86 56 59
2 87 70 93
2 88 64 59
2 89 73 59
2 90 2 28
2 91 53 76
2 92 17 69
2 93 22 84
2 94 8 9
2 95 21 20
2 96 65 36
2 97 77 84
2 98 37 21
2 99 57 64
3 4 35 48
3 5 73 49
3 6 68 45
3 7 37 40
3 8 13 25
3 9 16 51
3 10 40 38
3 11 12 37
3 12 32 76
3 13 8 49
3 14 10 11
3 15 55 19
3 16 33 42
3 17 94 60
3 18 60 55
3 19 90 81
3 20 37 22
3 21 81 33
3 22 97 35
3 23 74 55
3 24 61 79
3 25 23 70
3 26 2 73
3 27 13 10
3 28 5 28
3 29 57 40
3 30 20 78
3 31 48 30
3 32 78 91
3 33 37 51
3 34 5 53
3 35 45 81
3 36 9 62
3 37 51 39
3 38 50 77
3 39 1 64
3 40 59 61
3 41 55 36
3 42 74 86
3 43 30 25
3 44 54 72
3 45 13 53
3 46 57 71
3 47 99 70
3 48 67 71
3 49 26 45
3 50 80 87
3 51 17 73
3 52 18 74
3 53 79 64
3 54 52 30
3 55 94 34
3 56 66 55
3 57 90 49
3 58 36 59
3 59 31 49
3 60 68 81
3 61 11 5
3 62 82 73
3 63 65 81
3 64 78 68
3 65 8 25
3 66 3 78
3 67 99 50
3 68 66 61
3 69 41 38
3 70 50 28
3 71 66 34
3 72 99 92
3 73 70 38
3 74 72 85
3 75 72 63
3 76 92 44
3 77 73 52
3 78 12 16
3 79 78 26
3 80 63 33
3 81 36 8
3 82 60 63
3 83 70 60
3 84 62 88
3 85 87 47
3 86 31 69
3 87 80 53
3 88 90 32
3 89 98 48
3 90 10 22
3 91 44 46
3 92 37 65
3 93 95 21
3 94 82 87
3 95 82 71
3 96 6 28
3 97 64 56
3 98 97 61
3 99 98 60
4 5 55 26
4 6 77 39
4 7 50 84
4 8 56 62
4 9 21 42
4 10 6 48
4 11 55 55
4 12 18 75
4 13 80 55
4 14 2 15
4 15 24 46
4 16 1 43
4 17 42 41
4 18 49 56
4 19 59 26
4 20 3 9
4 21 2 49
4 22 83 53
4 23 8 37
4 24 95 81
4 25 25 39
4 26 54 72
4 27 73 64
4 28 93 87
4 29 69 80
4 30 48 12
4 31 82 20
4 32 28 39
4 33 70 90
4 34 100 33
4 35 79 62
4 36 59 77
4 37 56 69
4 38 57 52
4 39 83 79
4 40 86 61
4 41 38 10
4 42 52 61
4 43 2 63
4 44 81 68
4 45 39 87
4 46 57 21
4 47 79 27
4 48 52 83
4 49 28 6
4 50 56 60
4 51 39 13
4 52 54 31
4 53 46 19
4 54 1 24
4 55 71 23
4 56 99 83
4 57 8 48
4 58 86 68
4 59 41 12
4 60 12 72
4 61 75 31
4 62 78 85
4 63 2 62
4 64 85 82
4 65 63 69
4 66 52 41
4 67 87 49
4 68 85 51
4 69 46 55
4 70 25 41
4 71 41 73
4 72 81 91
4 73 12 34
4 74 60 74
4 75 42 59
4 76 74 65
4 77 74 40
4 78 14 80
4 79 55 38
4 80 67 14
4 81 56 15
4 82 9 34
4 83 0 8
4 84 37 72
4 85 92 86
4 86 73 62
4 87 40 54
4 88 83 62
4 89 55 31
4 90 72 85
4 91 54 85
4 92 86 39
4 93 67 52
4 94 26 66
4 95 50 43
4 96 73 46
4 97 44 56
4 98 62 83
4 99 54 42
5 6 61 60
5 7 71 16
5 8 47 31
5 9 94 61
5 10 12 60
5 11 97 41
5 12 1 61
5 13 73 59
5 14 88 66
5 15 78 42
5 16 69 85
5 17 77 41
5 18 24 15
5 19 28 10
5 20 1 50
5 21 91 72
5 22 65 80
5 23 28 57
5 24 5 28
5 25 19 40
5 26 76 56
5 27 98 95
5 28 100 41
5 29 89 74
5 30 10 51
5 31 0 28
5 32 2 43
5 33 7 26
5 34 35 56
5 35 86 42
5 36 27 18
5 37 62 86
5 38 64 67
5 39 39 15
5 40 65 54
5 41 73 21
5 42 25 37
5 43 31 23
5 44 98 22
5 45 23 33
5 46 56 46
5 47 95 40
5 48 23 27
5 49 44 73
5 50 80 94
5 51 56 14
5 52 100 75
5 53 95 44
5 54 56 33
5 55 49 67
5 56 20 45
5 57 19 55
5 58 86 55
5 59 13 20
5 60 36 64
5 61 86 49
5 62 7 13
5 63 56 14
5 64 77 43
5 65 33 80
5 66 27 26
5 67 40 41
5 68 36 47
5 69 10 70
5 70 80 53
5 71 11 15
5 72 90 39
5 73 61 92
5 74 96 32
5 75 15 6
5 76 11 22
5 77 45 73
5 78 38 40
5 79 18 39
5 80 31 50
5 81 15 60
5 82 80 26
5 83 14 31
5 84 16 27
5 85 67 86
5 86 24 66
5 87 92 51
5 88 82 27
5 89 86 35
5 90 39 60
5 91 46 15
5 92 63 28
5 93 18 5
5 94 69 50
5 95 78 60
5 96 67 55
5 97 31 21
5 98 24 65
5 99 28 60
6 7 17 60
6 8 48 20
6 9 26 71
6 10 82 96
6 11 28 68
6 12 84 26
6 13 33 51
6 14 28 17
6 15 15 67
6 16 34 76
6 17 28 6
6 18 94 34
6 19 2 24
6 20 4 14
6 21 27 75
6 22 42 50
6 23 41 53
6 24 85 33
6 25 17 12
6 26 45 86
6 27 45 53
6 28 79 38
6 29 97 21
6 30 17 25
6 31 35 50
6 32 17 35
6 33 73 84
6 34 59 52
6 35 65 62
6 36 11 7
6 37 69 44
6 38 76 16
6 39 22 55
6 40 83 54
6 41 82 89
6 42 52 28
6 43 83 39
6 44 11 10
6 45 63 79
6 46 87 83
6 47 65 76
6 48 59 39
6 49 16 71
6 50 44 69
6 51 31 75
6 52 72 51
6 53 53 25
6 54 78 78
6 55 3 48
6 56 97 62
6 57 52 70
6 58 32 28
6 59 75 23
6 60 95 42
6 61 2 71
6 62 66 54
6 63 55 56
6 64 59 24
6 65 77 66
6 66 92 41
6 67 41 16
6 68 70 45
6 69 39 35
6 70 0 79
6 71 35 86
6 72 47 57
6 73 14 28
6 74 21 79
6 75 39 75
6 76 83 57
6 77 51 63
6 78 94 75
6 79 68 84
6 80 28 32
6 81 24 9
6 82 80 67
6 83 85 70
6 84 100 27
6 85 1 45
6 86 22 40
6 87 89 95
6 88 27 21
6 89 33 7
6 90 97 78
6 91 0 48
6 92 34 73
6 93 88 37
6 94 14 31
6 95 98 50
6 96 5 35
6 97 40 88
6 98 90 78
6 99 17 18
7 8 50 13
7 9 36 25
7 10 28 24
7 11 27 10
7 12 90 20
7 13 44 63
7 14 2 60
7 15 45 46
7 16 0 44
7 17 92 53
7 18 32 65
7 19 47 84
7 20 84 46
7 21 31 41
7 22 71 87
7 23 14 10
7 24 32 56
7 25 73 50
7 26 45 34
7 27 88 84
7 28 35 67
7 29 36 34
7 30 17 6
7 31 76 63
7 32 56 63
7 33 18 20
7 34 38 66
7 35 2 56
7 36 16 28
7 37 87 56
7 38 1 68
7 39 40 68
7 40 71 61
7 41 27 56
7 42 50 28
7 43 56 28
7 44 85 62
7 45 9 30
7 46 97 72
7 47 12 39
7 48 75 31
7 49 16 21
7 50 33 18
7 51 34 34
7 52 19 57
7 53 15 11
7 54 81 60
7 55 26 19
7 56 93 73
7 57 22 36
7 58 63 52
7 59 57 59
7 60 89 54
7 61 21 68
7 62 42 73
7 63 92 83
7 64 70 69
7 65 43 82
7 66 65 78
7 67 50 41
7 68 4 43
7 69 60 44
7 70 22 67
7 71 22 67
7 72 22 49
7 73 55 81
7 74 37 12
7 75 77 38
7 76 63 38
7 77 11 15
7 78 26 81
7 79 51 41
7 80 49 77
7 81 71 25
7 82 18 38
7 83 60 53
7 84 45 65
7 85 41 55
7 86 78 62
7 87 49 56
7 88 67 59
7 89 97 31
7 90 56 16
7 91 46 12
7 92 37 68
7 93 35 86
7 94 87 60
7 95 78 89
7 96 76 69
7 97 45 25
7 98 3 14
7 99 95 96
8 9 18 21
8 10 89 71
8 11 3 77
8 12 88 92
8 13 49 25
8 14 60 64
8 15 36 27
8 16 18 36
8 17 8 35
8 18 56 21
8 19 64 76
8 20 27 50
8 21 48 33
8 22 82 71
8 23 84 25
8 24 18 56
8 25 90 93
8 26 97 71
8 27 70 79
8 28 83 40
8 29 94 96
8 30 18 74
8 31 61 28
8 32 65 88
8 33 48 12
8 34 82 85
8 35 49 40
8 36 39 83
8 37 83 88
8 38 50 17
8 39 21 72
8 40 21 82
8 41 79 74
8 42 97 52
8 43 25 47
8 44 89 90
8 45 22 28
8 46 64 18
8 47 32 63
8 48 8 48
8 49 63 87
8 50 48 53
8 51 71 40
8 52 52 25
8 53 65 24
8 54 97 92
8 55 8 19
8 56 35 69
8 57 43 46
8 58 98 80
8 59 13 9
8 60 85 52
8 61 45 42
8 62 100 31
8 63 42 64
8 64 1 64
8 65 65 61
8 66 60 26
8 67 16 75
8 68 59 22
8 69 62 46
8 70 17 46
8 71 36 69
8 72 55 47
8 73 22 20
8 74 2 28
8 75 62 88
8 76 25 7
8 77 68 82
8 78 97 79
8 79 13 18
8 80 16 40
8 81 77 35
8 82 34 28
8 83 77 88
8 84 77 51
8 85 43 9
8 86 17 8
8 87 26 83
8 88 21 30
8 89 28 40
8 90 11 12
8 91 9 16
8 92 16 56
8 93 83 28
8 94 20 82
8 95 32 63
8 96 71 85
8 97 56 88
8 98 22 51
8 99 44 85
9 10 6 74
9 11 23 23
9 12 21 43
9 13 25 68
9 14 53 83
9 15 98 31
9 16 6 65
9 17 25 64
9 18 33 61
9 19 55 46
9 20 69 25
9 21 71 38
9 22 10 41
9 23 86 72
9 24 30 33
9 25 36 18
9 26 78 73
9 27 48 73
9 28 82 37
9 29 59 80
9 30 59 13
9 31 1 10
9 32 20 75
9 33 44 14
9 34 46 44
9 35 77 16
9 36 43 24
9 37 28 8
9 38 28 17
9 39 14 30
9 40 51 77
9 41 78 93
9 42 76 56
9 43 6 52
9 44 40 53
9 45 61 66
9 46 100 55
9 47 53 83
9 48 63 84
9 49 18 5
9 50 20 50
9 51 95 50
9 52 66 65
9 53 62 17
9 54 77 73
9 55 25 11
9 56 24 19
9 57 85 24
9 58 67 71
9 59 5 39
9 60 55 79
9 61 89 88
9 62 53 25
9 63 53 65
9 64 71 92
9 65 21 57
9 66 39 72
9 67 4 18
9 68 97 71
9 69 13 28
9 70 43 23
9 71 38 86
9 72 4 9
9 73 80 17
9 74 76 24
9 75 89 34
9 76 42 57
9 77 34 34
9 78 65 73
9 79 8 4
9 80 67 28
9 81 85 72
9 82 82 43
9 83 24 84
9 84 0 65
9 85 2 62
9 86 94 70
9 87 28 38
9 88 95 71
9 89 98 56
9 90 52 25
9 91 51 17
9 92 22 36
9 93 36 71
9 94 96 95
9 95 11 28
9 96 23 10
9 97 18 5
9 98 41 56
9 99 65 33
10 11 66 89
10 12 6 50
10 13 92 87
10 14 26 78
10 15 26 38
10 16 14 55
10 17 38 69
10 18 1 13
10 19 41 32
10 20 69 67
10 21 82 67
10 22 79 89
10 23 24 47
10 24 45 49
10 25 77 46
10 26 96 96
10 27 24 77
10 28 40 50
10 29 92 42
10 30 56 59
10 31 54 45
10 32 79 53
10 33 62 82
10 34 98 47
10 35 97 48
10 36 6 28
10 37 81 56
10 38 61 47
10 39 11 33
10 40 41 32
10 41 56 28
10 42 10 43
10 43 51 28
10 44 16 36
10 45 56 75
10 46 92 28
10 47 38 43
10 48 21 42
10 49 89 28
10 50 74 40
10 51 75 18
10 52 97 67
10 53 67 53
10 54 36 79
10 55 42 14
10 56 35 61
10 57 52 45
10 58 97 59
10 59 23 6
10 60 94 22
10 61 35 43
10 62 61 91
10 63 99 57
10 64 22 52
10 65 68 70
10 66 25 18
10 67 13 52
10 68 22 60
10 69 18 19
10 70 25 21
10 71 87 76
10 72 17 75
10 73 84 85
10 74 8 57
10 75 28 22
10 76 30 34
10 77 43 50
10 78 99 28
10 79 82 34
10 80 57 47
10 81 12 17
10 82 0 71
10 83 73 66
10 84 14 61
10 85 82 57
10 86 61 90
10 87 46 64
10 88 2 27
10 89 8 30
10 90 56 84
10 91 63 92
10 92 49 50
10 93 73 60
10 94 28 35
10 95 66 87
10 96 42 17
10 97 28 65
10 98 74 93
10 99 19 42
11 12 10 66
11 13 98 53
11 14 6 44
11 15 53 59
11 16 62 86
11 17 67 25
11 18 68 46
11 19 46 48
11 20 11 70
11 21 45 39
11 22 85 27
11 23 55 87
11 24 28 11
11 25 47 85
11 26 46 39
11 27 42 46
11 28 27 71
11 29 60 35
11 30 90 53
11 31 0 7
11 32 42 25
11 33 61 54
11 34 67 68
11 35 83 39
11 36 46 71
11 37 65 15
11 38 63 62
11 39 87 88
11 40 45 55
11 41 40 18
11 42 2 53
11 43 96 27
11 44 96 68
11 45 94 81
11 46 52 82
11 47 52 63
11 48 96 93
11 49 94 39
11 50 83 45
11 51 82 25
11 52 25 55
11 53 54 82
11 54 87 81
11 55 83 61
11 56 35 79
11 57 62 83
11 58 28 46
11 59 26 83
11 60 80 60
11 61 82 87
11 62 3 51
11 63 21 20
11 64 66 36
11 65 32 20
11 66 52 45
11 67 62 54
11 68 23 59
11 69 7 8
11 70 98 34
11 71 76 70
11 72 39 76
11 73 84 35
11 74 11 31
11 75 59 33
11 76 39 38
11 77 86 79
11 78 2 12
11 79 2 57
11 80 95 69
11 81 26 26
11 82 3 55
11 83 23 80
11 84 81 79
11 85 10 43
11 86 42 62
11 87 28 61
11 88 56 85
11 89 40 47
11 90 5 73
11 91 74 54
11 92 66 21
11 93 27 20
11 94 13 74
11 95 60 36
11 96 16 79
11 97 49 21
11 98 81 92
11 99 21 75
12 13 39 28
12 14 31 67
12 15 73 17
12 16 71 60
12 17 70 48
12 18 20 77
12 19 39 25
12 20 56 47
12 21 36 39
12 22 30 66
12 23 1 11
12 24 95 54
12 25 52 25
12 26 89 78
12 27 75 22
12 28 28 8
12 29 68 72
12 30 79 16
12 31 6 11
12 32 91 19
12 33 42 11
12 34 54 85
12 35 24 67
12 36 96 54
12 37 79 23
12 38 48 51
12 39 89 44
12 40 45 71
12 41 87 90
12 42 55 30
12 43 13 71
12 44 46 20
12 45 14 16
12 46 90 19
12 47 86 65
12 48 24 40
12 49 92 31
12 50 56 32
12 51 70 65
12 52 60 42
12 53 41 61
12 54 65 74
12 55 56 42
12 56 46 39
12 57 10 48
12 58 12 56
12 59 39 14
12 60 97 34
12 61 36 43
12 62 91 26
12 63 72 53
12 64 93 49
12 65 80 16
12 66 20 14
12 67 74 44
12 68 14 38
12 69 28 42
12 70 76 35
12 71 92 37
12 72 86 68
12 73 5 62
12 74 46 43
12 75 95 94
12 76 25 18
12 77 72 27
12 78 28 17
12 79 75 52
12 80 68 86
12 81 15 55
12 82 65 28
12 83 5 74
12 84 87 48
12 85 52 66
12 86 51 22
12 87 57 75
12 88 0 34
12 89 76 53
12 90 66 47
12 91 93 50
12 92 79 21
12 93 53 90
12 94 52 84
12 95 51 72
12 96 53 20
12 97 18 68
12 98 3 33
12 99 17 39
13 14 8 21
13 15 82 50
13 16 71 38
13 17 8 78
13 18 20 24
13 19 76 72
13 20 51 70
13 21 1 6
13 22 25 45
13 23 78 71
13 24 56 78
13 25 24 27
13 26 70 54
13 27 5 30
13 28 53 64
13 29 97 98
13 30 99 99
13 31 69 26
13 32 31 60
13 33 19 25
13 34 2 40
13 35 82 67
13 36 59 76
13 37 80 50
13 38 93 24
13 39 87 56
13 40 78 38
13 41 81 32
13 42 78 22
13 43 22 62
13 44 40 70
13 45 76 28
13 46 71 35
13 47 49 66
13 48 69 51
13 49 42 24
13 50 16 28
13 51 4 80
13 52 60 22
13 53 20 63
13 54 6 57
13 55 80 51
13 56 15 79
13 57 39 26
13 58 51 73
13 59 22 70
13 60 91 24
13 61 40 10
13 62 65 20
13 63 49 74
13 64 14 13
13 65 4 59
13 66 59 61
13 67 56 17
13 68 90 46
13 69 78 72
13 70 59 26
13 71 43 11
13 72 45 45
13 73 13 71
13 74 19 39
13 75 45 68
13 76 67 49
13 77 38 59
13 78 97 80
13 79 1 49
13 80 84 90
13 81 17 9
13 82 46 89
13 83 17 18
13 84 1 9
13 85 49 70
13 86 0 77
13 87 15 13
13 88 11 64
13 89 48 63
13 90 59 18
13 91 23 25
13 92 54 66
13 93 45 20
13 94 26 51
13 95 63 84
13 96 50 17
13 97 47 38
13 98 30 66
13 99 23 19
14 15 44 71
14 16 71 87
14 17 17 70
14 18 21 69
14 19 66 88
14 20 46 48
14 21 17 76
14 22 4 69
14 23 86 54
14 24 14 72
14 25 82 62
14 26 88 97
14 27 42 86
14 28 17 77
14 29 83 45
14 30 37 66
14 31 8 68
14 32 15 13
14 33 24 45
14 34 93 68
14 35 20 60
14 36 7 55
14 37 53 59
14 38 31 60
14 39 6 11
14 40 19 11
14 41 59 90
14 42 52 45
14 43 39 32
14 44 53 48
14 45 47 65
14 46 1 68
14 47 11 77
14 48 85 74
14 49 11 55
14 50 95 61
14 51 32 71
14 52 8 7
14 53 44 79
14 54 61 27
14 55 61 84
14 56 50 44
14 57 0 32
14 58 57 55
14 59 52 55
14 60 88 56
14 61 45 72
14 62 20 5
14 63 14 56
14 64 75 24
14 65 10 23
14 66 7 2
14 67 18 32
14 68 93 52
14 69 74 75
14 70 70 25
14 71 35 21
14 72 14 63
14 73 97 40
14 74 34 85
14 75 9 46
14 76 31 20
14 77 35 73
14 78 21 63
14 79 66 23
14 80 60 35
14 81 16 53
14 82 62 20
14 83 73 24
14 84 45 83
14 85 4 37
14 86 17 76
14 87 16 21
14 88 95 19
14 89 62 54
14 90 56 81
14 91 41 72
14 92 43 74
14 93 56 14
14 94 27 48
14 95 21 61
14 96 87 66
14 97 4 69
14 98 71 35
14 99 83 43
15 16 24 7
15 17 83 21
15 18 63 28
15 19 7 45
15 20 50 71
15 21 66 42
15 22 56 56
15 23 3 3
15 24 74 43
15 25 57 31
15 26 95 83
15 27 22 38
15 28 19 35
15 29 40 56
15 30 56 77
15 31 70 85
15 32 23 28
15 33 90 59
15 34 36 82
15 35 73 77
15 36 2 4
15 37 46 14
15 38 60 83
15 39 81 56
15 40 2 34
15 41 56 13
15 42 76 63
15 43 27 45
15 44 40 72
15 45 25 38
15 46 52 33
15 47 60 56
15 48 94 98
15 49 59 47
15 50 67 25
15 51 54 52
15 52 84 20
15 53 65 69
15 54 12 37
15 55 71 43
15 56 28 45
15 57 22 79
15 58 11 8
15 59 15 24
15 60 43 16
15 61 49 38
15 62 35 10
15 63 89 71
15 64 53 80
15 65 28 56
15 66 53 35
15 67 99 51
15 68 84 57
15 69 47 13
15 70 25 61
15 71 22 52
15 72 85 56
15 73 22 28
15 74 56 36
15 75 1 32
15 76 46 20
15 77 62 85
15 78 96 86
15 79 94 38
15 80 13 79
15 81 17 53
15 82 54 34
15 83 64 65
15 84 48 38
15 85 12 79
15 86 33 51
15 87 79 43
15 88 60 40
15 89 83 95
15 90 68 15
15 91 76 16
15 92 84 92
15 93 84 75
15 94 15 7
15 95 77 51
15 96 40 75
15 97 72 35
15 98 43 72
15 99 6 21
16 17 35 24
16 18 57 67
16 19 15 8
16 20 36 44
16 21 82 95
16 22 23 75
16 23 62 20
16 24 21 64
16 25 85 80
16 26 83 41
16 27 77 93
16 28 94 90
16 29 68 67
16 30 68 79
16 31 53 60
16 32 3 75
16 33 68 50
16 34 74 74
16 35 16 71
16 36 93 66
16 37 57 91
16 38 26 69
16 39 94 39
16 40 82 92
16 41 9 44
16 42 81 34
16 43 66 69
16 44 56 67
16 45 33 55
16 46 39 10
16 47 15 18
16 48 47 70
16 49 12 76
16 50 30 44
16 51 84 60
16 52 36 12
16 53 37 46
16 54 51 20
16 55 8 47
16 56 72 72
16 57 76 48
16 58 14 15
16 59 73 54
16 60 80 77
16 61 33 53
16 62 44 85
16 63 80 75
16 64 76 26
16 65 12 11
16 66 31 76
16 67 67 33
16 68 82 30
16 69 70 59
16 70 11 28
16 71 26 13
16 72 34 56
16 73 94 93
16 74 18 40
16 75 28 11
16 76 53 25
16 77 11 72
16 78 94 61
16 79 42 19
16 80 71 15
16 81 7 13
16 82 69 63
16 83 33 20
16 84 47 19
16 85 20 25
16 86 43 36
16 87 46 13
16 88 18 37
16 89 1 11
16 90 40 65
16 91 2 26
16 92 3 75
16 93 5 63
16 94 47 53
16 95 75 28
16 96 65 19
16 97 27 71
16 98 69 28
16 99 37 52
17 18 4 61
17 19 37 22
17 20 32 24
17 21 72 69
17 22 68 89
17 23 38 9
17 24 75 48
17 25 23 55
17 26 6 40
17 27 59 80
17 28 27 85
17 29 25 25
17 30 77 47
17 31 30 62
17 32 95 56
17 33 8 79
17 34 83 40
17 35 55 52
17 36 85 23
17 37 27 70
17 38 5 8
17 39 88 45
17 40 18 64
17 41 94 66
17 42 94 91
17 43 13 6
17 44 57 70
17 45 1 9
17 46 62 74
17 47 69 56
17 48 30 28
17 49 94 99
17 50 85 60
17 51 28 65
17 52 0 28
17 53 98 99
17 54 92 56
17 55 6 57
17 56 0 68
17 57 55 62
17 58 65 28
17 59 70 63
17 60 6 25
17 61 53 65
17 62 97 87
17 63 49 48
17 64 79 72
17 65 30 60
17 66 8 42
17 67 69 85
17 68 16 30
17 69 47 88
17 70 72 73
17 71 9 56
17 72 8 72
17 73 2 79
17 74 27 78
17 75 7 55
17 76 83 77
17 77 5 44
17 78 100 66
17 79 21 62
17 80 56 75
17 81 48 74
17 82 70 24
17 83 14 34
17 84 26 47
17 85 80 87
17 86 51 73
17 87 69 23
17 88 83 24
17 89 43 53
17 90 5 65
17 91 21 57
17 92 51 27
17 93 80 30
17 94 28 57
17 95 40 52
17 96 39 74
17 97 39 46
17 98 22 64
17 99 9 50
18 19 59 32
18 20 84 47
18 21 84 91
18 22 84 78
18 23 12 44
18 24 27 36
18 25 26 24
18 26 84 94
18 27 28 39
18 28 93 82
18 29 72 55
18 30 65 28
18 31 19 41
18 32 60 59
18 33 87 28
18 34 5 47
18 35 33 9
18 36 41 59
18 37 43 23
18 38 95 72
18 39 22 10
18 40 86 62
18 41 11 43
18 42 93 72
18 43 12 28
18 44 89 50
18 45 19 69
18 46 61 57
18 47 3 35
18 48 14 48
18 49 90 36
18 50 55 88
18 51 65 47
18 52 34 39
18 53 45 41
18 54 87 43
18 55 69 61
18 56 98 30
18 57 10 74
18 58 90 25
18 59 30 32
18 60 3 44
18 61 94 89
18 62 74 40
18 63 83 18
18 64 28 9
18 65 83 95
18 66 11 7
18 67 2 1
18 68 42 80
18 69 82 43
18 70 6 17
18 71 60 74
18 72 84 86
18 73 50 41
18 74 21 39
18 75 71 66
18 76 39 33
18 77 22 11
18 78 96 55
18 79 19 11
18 80 64 69
18 81 48 27
18 82 34 31
18 83 28 42
18 84 11 41
18 85 16 37
18 86 56 70
18 87 52 23
18 88 87 70
18 89 63 32
18 90 51 82
18 91 22 32
18 92 50 43
18 93 44 43
18 94 53 52
18 95 4 77
18 96 82 68
18 97 5 8
18 98 42 48
18 99 12 71
19 20 79 20
19 21 12 51
19 22 85 78
19 23 26 52
19 24 92 19
19 25 33 34
19 26 80 20
19 27 82 22
19 28 34 28
19 29 52 16
19 30 37 25
19 31 43 10
19 32 53 18
19 33 4 7
19 34 99 30
19 35 33 71
19 36 44 60
19 37 56 84
19 38 25 44
19 39 16 20
19 40 22 53
19 41 2 59
19 42 5 40
19 43 1 15
19 44 68 21
19 45 11 34
19 46 97 72
19 47 70 66
19 48 24 45
19 49 15 56
19 50 50 44
19 51 72 62
19 52 90 55
19 53 38 67
19 54 42 37
19 55 72 23
19 56 97 38
19 57 62 14
19 58 30 32
19 59 76 85
19 60 82 70
19 61 19 83
19 62 15 74
19 63 19 72
19 64 98 32
19 65 87 77
19 66 91 26
19 67 12 45
19 68 67 59
19 69 49 12
19 70 52 87
19 71 78 57
19 72 51 72
19 73 16 71
19 74 60 47
19 75 96 30
19 76 82 17
19 77 39 55
19 78 43 67
19 79 7 11
19 80 55 61
19 81 67 77
19 82 46 56
19 83 97 67
19 84 11 67
19 85 62 74
19 86 79 22
19 87 4 59
19 88 37 12
19 89 100 63
19 90 81 74
19 91 56 82
19 92 44 27
19 93 65 69
19 94 43 81
19 95 74 69
19 96 22 12
19 97 65 18
19 98 20 70
19 99 79 94
20 21 43 42
20 22 77 85
20 23 62 26
20 24 2 41
20 25 69 18
20 26 20 7
20 27 54 34
20 28 70 34
20 29 10 24
20 30 37 27
20 31 74 33
20 32 39 63
20 33 9 56
20 34 11 5
20 35 70 14
20 36 8 44
20 37 2 24
20 38 34 74
20 39 88 89
20 40 26 28
20 41 23 62
20 42 20 46
20 43 39 84
20 44 66 41
20 45 21 22
20 46 91 39
20 47 64 48
20 48 57 16
20 49 98 56
20 50 9 13
20 51 19 72
20 52 52 13
20 53 72 66
20 54 80 16
20 55 2 52
20 56 55 16
20 57 96 31
20 58 22 46
20 59 48 13
20 60 46 79
20 61 90 26
20 62 60 31
20 63 52 45
20 64 54 57
20 65 67 20
20 66 81 40
20 67 83 17
20 68 24 14
20 69 60 23
20 70 21 37
20 71 33 37
20 72 17 39
20 73 28 57
20 74 49 35
20 75 54 59
20 76 67 46
20 77 42 19
20 78 75 63
20 79 64 52
20 80 9 32
20 81 16 26
20 82 37 78
20 83 71 28
20 84 39 56
20 85 24 26
20 86 10 65
20 87 69 37
20 88 64 76
20 89 31 56
20 90 93 40
20 91 9 12
20 92 81 65
20 93 72 61
20 94 85 77
20 95 73 15
20 96 75 78
20 97 37 18
20 98 13 59
20 99 54 35
21 22 85 54
21 23 7 80
21 24 80 88
21 25 92 38
21 26 28 35
21 27 66 85
21 28 19 33
21 29 68 77
21 30 19 52
21 31 94 52
21 32 88 27
21 33 52 87
21 34 72 91
21 35 92 23
21 36 0 14
21 37 36 74
21 38 54 36
21 39 94 50
21 40 64 80
21 41 84 26
21 42 86 73
21 43 48 74
21 44 1 35
21 45 79 94
21 46 25 41
21 47 98 83
21 48 52 67
21 49 81 18
21 50 99 44
21 51 57 72
21 52 35 64
21 53 36 49
21 54 51 66
21 55 55 87
21 56 12 22
21 57 19 8
21 58 92 83
21 59 100 45
21 60 52 87
21 61 26 9
21 62 56 68
21 63 23 82
21 64 57 16
21 65 22 84
21 66 65 86
21 67 5 26
21 68 87 28
21 69 96 42
21 70 56 24
21 71 51 90
21 72 85 68
21 73 67 56
21 74 46 18
21 75 76 91
21 76 6 28
21 77 19 47
21 78 23 15
21 79 25 67
21 80 13 28
21 81 59 23
21 82 40 16
21 83 34 70
21 84 71 52
21 85 82 85
21 86 70 67
21 87 97 74
21 88 39 77
21 89 18 63
21 90 56 19
21 91 25 79
21 92 50 40
21 93 3 53
21 94 83 45
21 95 87 36
21 96 71 75
21 97 76 82
21 98 7 65
21 99 33 48
22 23 98 75
22 24 86 26
22 25 49 85
22 26 72 30
22 27 89 24
22 28 52 50
22 29 98 72
22 30 9 48
22 31 39 38
22 32 17 15
22 33 9 47
22 34 59 82
22 35 17 8
22 36 71 49
22 37 54 19
22 38 20 79
22 39 10 65
22 40 8 69
22 41 27 85
22 42 81 27
22 43 20 35
22 44 20 57
22 45 95 38
22 46 98 45
22 47 74 55
22 48 98 96
22 49 61 28
22 50 43 87
22 51 28 17
22 52 86 87
22 53 56 54
22 54 26 33
22 55 16 74
22 56 1 59
22 57 97 65
22 58 16 17
22 59 27 80
22 60 21 8
22 61 41 15
22 62 31 11
22 63 75 61
22 64 55 71
22 65 57 80
22 66 63 91
22 67 80 86
22 68 92 83
22 69 36 72
22 70 49 71
22 71 90 75
22 72 37 15
22 73 99 82
22 74 65 78
22 75 6 33
22 76 39 11
22 77 15 76
22 78 69 69
22 79 89 37
22 80 21 65
22 81 3 21
22 82 54 21
22 83 66 63
22 84 96 91
22 85 18 8
22 86 84 82
22 87 46 25
22 88 4 39
22 89 59 54
22 90 57 12
22 91 93 44
22 92 2 53
22 93 19 19
22 94 41 76
22 95 74 34
22 96 44 64
22 97 39 18
22 98 19 81
22 99 68 87
23 24 94 61
23 25 62 85
23 26 14 30
23 27 28 52
23 28 26 64
23 29 5 39
23 30 97 59
23 31 87 51
23 32 42 38
23 33 31 43
23 34 33 54
23 35 64 82
23 36 82 56
23 37 60 80
23 38 65 57
23 39 1 48
23 40 54 14
23 41 80 86
23 42 25 52
23 43 26 45
23 44 44 69
23 45 21 28
23 46 73 70
23 47 21 63
23 48 60 54
23 49 41 36
23 50 11 56
23 51 34 72
23 52 13 45
23 53 10 61
23 54 12 40
23 55 11 39
23 56 60 83
23 57 21 78
23 58 72 83
23 59 18 27
23 60 84 74
23 61 50 31
23 62 46 40
23 63 88 92
23 64 36 57
23 65 89 34
23 66 47 17
23 67 69 36
23 68 41 75
23 69 79 87
23 70 56 54
23 71 5 79
23 72 16 45
23 73 89 18
23 74 53 28
23 75 94 71
23 76 28 56
23 77 53 12
23 78 90 68
23 79 18 45
23 80 15 5
23 81 71 53
23 82 33 16
23 83 90 56
23 84 39 56
23 85 67 21
23 86 48 45
23 87 12 22
23 88 78 34
23 89 94 45
23 90 54 83
23 91 28 31
23 92 98 73
23 93 71 17
23 94 52 46
23 95 37 73
23 96 49 15
23 97 51 25
23 98 89 79
23 99 1 39
24 25 95 31
24 26 74 71
24 27 28 20
24 28 81 94
24 29 62 60
24 30 37 24
24 31 50 57
24 32 92 30
24 33 18 43
24 34 61 53
24 35 56 44
24 36 73 70
24 37 50 20
24 38 91 41
24 39 62 74
24 40 83 53
24 41 88 21
24 42 11 18
24 43 95 98
24 44 50 45
24 45 14 62
24 46 76 56
24 47 8 46
24 48 2 16
24 49 74 67
24 50 34 79
24 51 63 23
24 52 30 36
24 53 87 78
24 54 55 81
24 55 92 39
24 56 46 34
24 57 0 57
24 58 14 44
24 59 17 40
24 60 98 32
24 61 67 28
24 62 14 37
24 63 89 86
24 64 36 81
24 65 43 70
24 66 76 41
24 67 97 50
24 68 3 18
24 69 86 71
24 70 21 20
24 71 9 41
24 72 53 36
24 73 56 23
24 74 8 56
24 75 1 20
24 76 43 45
24 77 6 26
24 78 41 77
24 79 15 7
24 80 68 78
24 81 99 65
24 82 15 60
24 83 54 62
24 84 44 31
24 85 12 47
24 86 49 79
24 87 12 5
24 88 13 26
24 89 66 42
24 90 75 66
24 91 12 15
24 92 17 80
24 93 20 24
24 94 90 47
24 95 37 28
24 96 53 40
24 97 17 46
24 98 97 88
24 99 6 24
25 26 36 22
25 27 40 53
25 28 81 89
25 29 28 18
25 30 56 28
25 31 41 14
25 32 44 37
25 33 10 76
25 34 68 56
25 35 53 71
25 36 46 51
25 37 19 16
25 38 34 51
25 39 66 86
25 40 22 50
25 41 28 54
25 42 69 77
25 43 92 67
25 44 92 70
25 45 35 35
25 46 75 31
25 47 68 36
25 48 74 77
25 49 48 77
25 50 53 14
25 51 89 45
25 52 43 16
25 53 26 57
25 54 76 60
25 55 71 77
25 56 77 46
25 57 7 28
25 58 59 63
25 59 77 86
25 60 80 44
25 61 14 10
25 62 65 68
25 63 85 24
25 64 11 23
25 65 38 43
25 66 62 75
25 67 76 37
25 68 80 40
25 69 9 51
25 70 73 39
25 71 7 2
25 72 89 86
25 73 92 65
25 74 86 73
25 75 57 63
25 76 19 36
25 77 32 76
25 78 44 71
25 79 46 62
25 80 5 63
25 81 90 23
25 82 19 66
25 83 61 35
25 84 15 46
25 85 1 53
25 86 53 89
25 87 41 13
25 88 48 23
25 89 87 64
25 90 88 76
25 91 53 30
25 92 60 49
25 93 23 10
25 94 51 82
25 95 25 14
25 96 23 34
25 97 100 49
25 98 17 57
25 99 91 90
26 27 86 54
26 28 30 43
26 29 30 68
26 30 20 75
26 31 47 11
26 32 66 26
26 33 31 13
26 34 90 90
26 35 67 25
26 36 69 77
26 37 48 56
26 38 93 42
26 39 76 84
26 40 57 83
26 41 89 55
26 42 21 30
26 43 7 54
26 44 75 43
26 45 44 82
26 46 26 17
26 47 31 73
26 48 23 32
26 49 18 59
26 50 37 61
26 51 95 62
26 52 6 7
26 53 1 48
26 54 21 47
26 55 18 33
26 56 44 22
26 57 10 82
26 58 85 50
26 59 55 18
26 60 49 11
26 61 41 88
26 62 14 60
26 63 42 57
26 64 92 21
26 65 31 75
26 66 76 69
26 67 61 45
26 68 51 71
26 69 44 34
26 70 96 60
26 71 22 68
26 72 49 63
26 73 56 13
26 74 40 33
26 75 60 62
26 76 42 67
26 77 15 14
26 78 75 40
26 79 20 21
26 80 71 56
26 81 23 43
26 82 75 30
26 83 69 79
26 84 71 85
26 85 2 47
26 86 97 84
26 87 13 25
26 88 51 40
26 89 97 33
26 90 97 79
26 91 13 63
26 92 60 86
26 93 66 72
26 94 15 18
26 95 1 1
26 96 27 51
26 97 86 71
26 98 12 70
26 99 42 59
27 28 53 23
27 29 79 86
27 30 96 61
27 31 52 88
27 32 82 62
27 33 54 43
27 34 55 17
27 35 5 70
27 36 21 54
27 37 85 85
27 38 37 64
27 39 19 17
27 40 7 51
27 41 52 67
27 42 47 17
27 43 94 50
27 44 80 45
27 45 77 50
27 46 98 31
27 47 56 82
27 48 61 66
27 49 11 60
27 50 59 60
27 51 55 36
27 52 61 57
27 53 11 71
27 54 84 60
27 55 11 11
27 56 30 40
27 57 67 78
27 58 19 33
27 59 44 55
27 60 30 74
27 61 28 63
27 62 70 17
27 63 95 25
27 64 44 9
27 65 6 37
27 66 8 42
27 67 98 54
27 68 19 41
27 69 69 61
27 70 96 75
27 71 67 43
27 72 20 13
27 73 36 37
27 74 53 46
27 75 86 26
27 76 82 43
27 77 53 59
27 78 51 45
27 79 49 20
27 80 43 45
27 81 7 59
27 82 74 51
27 83 56 41
27 84 45 39
27 85 40 41
27 86 57 38
27 87 84 77
27 88 74 22
27 89 69 78
27 90 31 77
27 91 80 74
27 92 40 52
27 93 18 18
27 94 91 51
27 95 84 24
27 96 83 35
27 97 26 67
27 98 36 26
27 99 67 71
28 29 34 67
28 30 14 18
28 31 49 38
28 32 39 77
28 33 45 30
28 34 80 55
28 35 99 36
28 36 27 7
28 37 87 44
28 38 7 11
28 39 8 13
28 40 80 31
28 41 87 32
28 42 56 54
28 43 54 77
28 44 50 44
28 45 69 23
28 46 83 38
28 47 37 11
28 48 97 79
28 49 5 28
28 50 10 18
28 51 98 85
28 52 35 51
28 53 72 38
28 54 37 55
28 55 89 40
28 56 72 21
28 57 91 78
28 58 28 57
28 59 23 43
28 60 52 65
28 61 75 93
28 62 91 36
28 63 36 71
28 64 23 20
28 65 36 37
28 66 56 14
28 67 73 75
28 68 63 56
28 69 47 67
28 70 32 55
28 71 13 37
28 72 52 45
28 73 33 82
28 74 6 24
28 75 89 32
28 76 26 68
28 77 77 48
28 78 92 71
28 79 76 54
28 80 14 77
28 81 73 30
28 82 65 39
28 83 66 19
28 84 43 63
28 85 26 80
28 86 75 90
28 87 45 51
28 88 1 70
28 89 92 41
28 90 43 25
28 91 39 31
28 92 57 54
28 93 53 71
28 94 93 56
28 95 75 80
28 96 12 33
28 97 12 68
28 98 32 46
28 99 3 16
29 30 78 26
29 31 37 28
29 32 5 24
29 33 56 68
29 34 60 47
29 35 77 69
29 36 60 63
29 37 57 17
29 38 56 60
29 39 92 59
29 40 13 76
29 41 17 15
29 42 34 45
29 43 50 38
29 44 16 38
29 45 4 43
29 46 18 75
29 47 67 15
29 48 96 50
29 49 31 74
29 50 87 20
29 51 96 57
29 52 99 67
29 53 8 18
29 54 41 83
29 55 62 51
29 56 73 76
29 57 11 6
29 58 93 60
29 59 15 26
29 60 63 62
29 61 86 43
29 62 10 75
29 63 2 6
29 64 84 44
29 65 27 8
29 66 42 85
29 67 26 8
29 68 22 23
29 69 16 16
29 70 54 69
29 71 45 38
29 72 50 22
29 73 48 37
29 74 47 30
29 75 40 16
29 76 59 74
29 77 96 27
29 78 40 24
29 79 30 86
29 80 85 95
29 81 5 11
29 82 48 88
29 83 69 26
29 84 71 79
29 85 35 8
29 86 23 41
29 87 52 72
29 88 90 80
29 89 62 64
29 90 69 33
29 91 74 68
29 92 10 25
29 93 0 53
29 94 59 35
29 95 11 50
29 96 4 47
29 97 67 68
29 98 62 77
29 99 36 60
30 31 19 24
30 32 8 28
30 33 72 63
30 34 97 95
30 35 72 50
30 36 28 18
30 37 60 57
30 38 93 27
30 39 25 56
30 40 79 75
30 41 14 46
30 42 14 50
30 43 44 75
30 44 37 28
30 45 40 43
30 46 62 83
30 47 57 64
30 48 11 66
30 49 51 35
30 50 54 55
30 51 96 86
30 52 99 27
30 53 54 54
30 54 88 30
30 55 35 38
30 56 86 49
30 57 22 78
30 58 49 11
30 59 81 30
30 60 71 22
30 61 70 19
30 62 19 40
30 63 71 45
30 64 92 87
30 65 81 51
30 66 56 48
30 67 13 16
30 68 33 27
30 69 1 21
30 70 41 43
30 71 44 13
30 72 71 72
30 73 37 50
30 74 67 38
30 75 35 22
30 76 43 79
30 77 10 37
30 78 77 86
30 79 80 67
30 80 15 6
30 81 80 77
30 82 86 84
30 83 52 34
30 84 23 8
30 85 22 23
30 86 40 27
30 87 41 30
30 88 68 81
30 89 36 21
30 90 92 51
30 91 44 25
30 92 30 60
30 93 21 22
30 94 3 35
30 95 32 19
30 96 34 76
30 97 35 8
30 98 79 23
30 99 87 81
31 32 94 33
31 33 85 53
31 34 36 63
31 35 89 70
31 36 28 83
31 37 69 90
31 38 28 27
31 39 46 22
31 40 37 27
31 41 60 22
31 42 88 87
31 43 86 96
31 44 76 63
31 45 21 71
31 46 22 62
31 47 79 81
31 48 84 66
31 49 94 27
31 50 56 12
31 51 54 28
31 52 19 78
31 53 32 82
31 54 46 36
31 55 95 98
31 56 70 93
31 57 40 86
31 58 18 77
31 59 36 74
31 60 28 22
31 61 8 41
31 62 59 63
31 63 17 53
31 64 92 34
31 65 77 35
31 66 45 40
31 67 59 65
31 68 0 34
31 69 87 86
31 70 31 28
31 71 10 10
31 72 38 34
31 73 56 82
31 74 30 23
31 75 50 90
31 76 57 81
31 77 11 25
31 78 76 17
31 79 65 68
31 80 64 65
31 81 94 39
31 82 16 12
31 83 30 34
31 84 3 2
31 85 31 46
31 86 21 17
31 87 56 13
31 88 85 46
31 89 46 62
31 90 3 80
31 91 97 60
31 92 37 80
31 93 60 56
31 94 66 28
31 95 16 19
31 96 14 42
31 97 93 35
31 98 39 35
31 99 25 76
32 33 1 28
32 34 25 25
32 35 54 42
32 36 88 56
32 37 46 46
32 38 48 87
32 39 81 42
32 40 37 14
32 41 47 88
32 42 54 17
32 43 70 65
32 44 73 15
32 45 81 25
32 46 90 66
32 47 78 52
32 48 24 42
32 49 63 49
32 50 72 56
32 51 81 81
32 52 28 74
32 53 18 32
32 54 3 42
32 55 99 22
32 56 27 74
32 57 74 95
32 58 57 78
32 59 30 74
32 60 70 93
32 61 78 80
32 62 0 34
32 63 99 89
32 64 2 73
32 65 46 32
32 66 37 46
32 67 11 45
32 68 75 92
32 69 1 11
32 70 55 54
32 71 48 11
32 72 69 46
32 73 35 84
32 74 69 19
32 75 1 42
32 76 89 59
32 77 32 59
32 78 38 47
32 79 71 20
32 80 70 18
32 81 43 27
32 82 66 62
32 83 73 70
32 84 24 69
32 85 90 83
32 86 73 41
32 87 37 48
32 88 67 21
32 89 91 94
32 90 67 79
32 91 95 33
32 92 60 43
32 93 63 71
32 94 14 13
32 95 28 78
32 96 28 43
32 97 74 59
32 98 11 37
32 99 77 86
33 34 94 57
33 35 72 56
33 36 49 52
33 37 92 77
33 38 27 74
33 39 97 94
33 40 62 38
33 41 11 14
33 42 59 88
33 43 72 88
33 44 56 70
33 45 5 7
33 46 16 16
33 47 97 52
33 48 41 17
33 49 52 43
33 50 43 65
33 51 14 70
33 52 42 46
33 53 47 11
33 54 56 48
33 55 0 8
33 56 12 14
33 57 73 61
33 58 1 9
33 59 24 12
33 60 15 41
33 61 60 61
33 62 85 56
33 63 41 41
33 64 79 43
33 65 44 56
33 66 26 6
33 67 90 74
33 68 34 56
33 69 72 92
33 70 20 49
33 71 24 78
33 72 21 56
33 73 69 80
33 74 96 20
33 75 49 89
33 76 13 77
33 77 53 16
33 78 84 21
33 79 96 23
33 80 71 15
33 81 7 3
33 82 61 75
33 83 47 21
33 84 23 33
33 85 3 15
33 86 93 53
33 87 54 26
33 88 52 74
33 89 42 62
33 90 93 51
33 91 47 11
33 92 64 39
33 93 71 23
33 94 74 84
33 95 5 6
33 96 95 44
33 97 31 21
33 98 81 64
33 99 2 14
34 35 37 37
34 36 67 54
34 37 92 82
34 38 27 24
34 39 86 49
34 40 75 27
34 41 22 13
34 42 41 28
34 43 12 13
34 44 28 26
34 45 86 47
34 46 72 93
34 47 49 24
34 48 38 79
34 49 99 93
34 50 34 39
34 51 16 37
34 52 25 78
34 53 99 72
34 54 42 63
34 55 16 25
34 56 26 64
34 57 36 73
34 58 19 79
34 59 55 45
34 60 78 72
34 61 12 30
34 62 100 85
34 63 46 21
34 64 28 21
34 65 10 48
34 66 86 35
34 67 7 5
34 68 96 79
34 69 14 68
34 70 30 69
34 71 97 67
34 72 12 28
34 73 62 56
34 74 26 68
34 75 91 98
34 76 14 33
34 77 33 19
34 78 95 92
34 79 67 34
34 80 14 64
34 81 83 31
34 82 72 49
34 83 99 96
34 84 64 20
34 85 87 22
34 86 35 16
34 87 8 32
34 88 59 52
34 89 51 90
34 90 22 8
34 91 97 40
34 92 51 49
34 93 82 67
34 94 99 28
34 95 69 67
34 96 32 17
34 97 93 64
34 98 50 81
34 99 22 78
35 36 98 50
35 37 9 23
35 38 19 65
35 39 28 17
35 40 33 35
35 41 40 49
35 42 79 64
35 43 98 20
35 44 97 45
35 45 10 27
35 46 69 59
35 47 24 21
35 48 8 40
35 49 3 61
35 50 17 56
35 51 94 93
35 52 9 75
35 53 38 25
35 54 37 52
35 55 88 65
35 56 16 64
35 57 31 23
35 58 56 73
35 59 42 48
35 60 90 48
35 61 1 22
35 62 9 36
35 63 5 27
35 64 17 27
35 65 15 27
35 66 11 28
35 67 57 33
35 68 96 53
35 69 43 79
35 70 55 36
35 71 4 32
35 72 80 76
35 73 55 19
35 74 47 39
35 75 62 79
35 76 25 27
35 77 95 90
35 78 22 32
35 79 14 68
35 80 100 77
35 81 66 22
35 82 5 54
35 83 98 28
35 84 2 12
35 85 56 62
35 86 30 76
35 87 17 7
35 88 98 55
35 89 77 65
35 90 25 76
35 91 23 70
35 92 93 71
35 93 47 20
35 94 3 47
35 95 40 8
35 96 15 18
35 97 11 38
35 98 78 42
35 99 33 43
36 37 96 24
36 38 6 72
36 39 39 19
36 40 76 47
36 41 28 31
36 42 16 23
36 43 39 32
36 44 16 21
36 45 89 57
36 46 14 20
36 47 92 38
36 48 72 44
36 49 82 51
36 50 39 22
36 51 30 24
36 52 80 40
36 53 1 28
36 54 76 88
36 55 46 65
36 56 41 55
36 57 13 75
36 58 20 11
36 59 24 25
36 60 59 39
36 61 5 64
36 62 56 49
36 63 50 68
36 64 78 46
36 65 57 46
36 66 67 32
36 67 11 27
36 68 6 30
36 69 26 72
36 70 60 20
36 71 10 28
36 72 80 90
36 73 70 30
36 74 11 44
36 75 2 72
36 76 13 65
36 77 66 61
36 78 100 91
36 79 43 18
36 80 79 84
36 81 48 61
36 82 55 76
36 83 77 54
36 84 31 7
36 85 98 91
36 86 49 81
36 87 84 77
36 88 26 15
36 89 79 44
36 90 71 47
36 91 57 89
36 92 23 59
36 93 12 82
36 94 3 19
36 95 43 12
36 96 83 94
36 97 85 19
36 98 23 40
36 99 19 56
37 38 46 16
37 39 50 82
37 40 23 57
37 41 85 32
37 42 94 85
37 43 70 50
37 44 28 52
37 45 30 8
37 46 15 33
37 47 55 71
37 48 26 43
37 49 12 28
37 50 55 73
37 51 5 18
37 52 10 52
37 53 24 79
37 54 80 44
37 55 61 35
37 56 55 26
37 57 44 24
37 58 18 30
37 59 85 96
37 60 8 6
37 61 35 86
37 62 60 75
37 63 95 45
37 64 5 43
37 65 100 63
37 66 22 42
37 67 98 74
37 68 17 25
37 69 95 92
37 70 19 13
37 71 36 70
37 72 78 47
37 73 48 35
37 74 27 20
37 75 76 22
37 76 49 74
37 77 40 82
37 78 36 49
37 79 11 31
37 80 71 63
37 81 65 42
37 82 17 6
37 83 15 33
37 84 60 38
37 85 31 79
37 86 3 7
37 87 18 13
37 88 77 28
37 89 72 90
37 90 77 50
37 91 4 41
37 92 49 36
37 93 63 28
37 94 70 38
37 95 27 40
37 96 90 68
37 97 46 13
37 98 86 36
37 99 72 32
38 39 37 20
38 40 86 97
38 41 64 56
38 42 54 62
38 43 48 89
38 44 55 53
38 45 90 56
38 46 42 59
38 47 23 19
38 48 82 55
38 49 30 53
38 50 60 32
38 51 15 66
38 52 37 66
38 53 23 39
38 54 85 96
38 55 57 87
38 56 11 9
38 57 84 70
38 58 52 36
38 59 85 70
38 60 42 86
38 61 0 77
38 62 28 78
38 63 54 60
38 64 4 8
38 65 74 28
38 66 56 53
38 67 48 59
38 68 56 24
38 69 17 11
38 70 26 34
38 71 1 44
38 72 20 15
38 73 28 78
38 74 47 75
38 75 14 70
38 76 89 92
38 77 17 47
38 78 62 61
38 79 63 52
38 80 55 81
38 81 72 57
38 82 11 73
38 83 3 3
38 84 37 74
38 85 22 48
38 86 13 8
38 87 98 23
38 88 34 57
38 89 100 71
38 90 49 13
38 91 86 59
38 92 3 19
38 93 16 24
38 94 36 46
38 95 94 62
38 96 73 25
38 97 7 3
38 98 87 91
38 99 1 26
39 40 72 63
39 41 65 91
39 42 42 59
39 43 50 89
39 44 99 25
39 45 33 11
39 46 37 70
39 47 45 62
39 48 82 63
39 49 59 18
39 50 61 60
39 51 14 54
39 52 78 30
39 53 49 13
39 54 5 50
39 55 42 88
39 56 2 47
39 57 7 68
39 58 35 15
39 59 31 81
39 60 19 49
39 61 25 63
39 62 32 13
39 63 44 38
39 64 43 43
39 65 98 60
39 66 82 34
39 67 90 95
39 68 76 21
39 69 100 20
39 70 45 49
39 71 51 18
39 72 21 39
39 73 20 6
39 74 89 60
39 75 64 51
39 76 25 18
39 77 77 85
39 78 48 19
39 79 62 25
39 80 73 71
39 81 35 65
39 82 85 38
39 83 11 57
39 84 8 26
39 85 97 33
39 86 40 41
39 87 90 76
39 88 62 83
39 89 11 68
39 90 64 26
39 91 27 59
39 92 73 42
39 93 62 83
39 94 71 56
39 95 3 63
39 96 15 45
39 97 85 80
39 98 99 96
39 99 49 19
40 41 55 49
40 42 96 44
40 43 62 77
40 44 45 70
40 45 18 37
40 46 22 76
40 47 38 83
40 48 61 57
40 49 94 20
40 50 95 50
40 51 81 44
40 52 82 41
40 53 21 7
40 54 57 90
40 55 28 22
40 56 20 46
40 57 56 35
40 58 83 65
40 59 60 56
40 60 80 26
40 61 14 12
40 62 31 34
40 63 99 64
40 64 28 76
40 65 53 35
40 66 53 47
40 67 60 22
40 68 54 60
40 69 43 26
40 70 52 12
40 71 17 52
40 72 56 91
40 73 46 22
40 74 0 79
40 75 88 30
40 76 8 5
40 77 23 66
40 78 14 43
40 79 12 33
40 80 26 54
40 81 71 43
40 82 56 56
40 83 61 87
40 84 35 55
40 85 6 48
40 86 75 33
40 87 35 71
40 88 92 84
40 89 63 30
40 90 68 55
40 91 43 28
40 92 91 42
40 93 90 27
40 94 80 46
40 95 22 14
40 96 11 21
40 97 77 40
40 98 23 40
40 99 48 74
41 42 49 27
41 43 34 52
41 44 20 51
41 45 13 54
41 46 25 35
41 47 85 27
41 48 50 33
41 49 16 28
41 50 23 12
41 51 38 24
41 52 79 69
41 53 3 1
41 54 43 54
41 55 86 65
41 56 54 59
41 57 90 18
41 58 70 16
41 59 15 55
41 60 54 18
41 61 23 67
41 62 44 60
41 63 1 72
41 64 45 28
41 65 16 12
41 66 36 68
41 67 12 27
41 68 56 21
41 69 15 4
41 70 9 68
41 71 66 34
41 72 13 40
41 73 78 94
41 74 56 50
41 75 57 76
41 76 43 15
41 77 48 50
41 78 40 87
41 79 57 65
41 80 92 56
41 81 91 33
41 82 13 77
41 83 97 79
41 84 28 82
41 85 17 17
41 86 94 53
41 87 44 59
41 88 32 10
41 89 31 72
41 90 87 82
41 91 5 32
41 92 26 59
41 93 77 56
41 94 88 52
41 95 70 54
41 96 10 9
41 97 36 48
41 98 9 3
41 99 15 74
42 43 87 91
42 44 96 81
42 45 72 67
42 46 10 53
42 47 74 60
42 48 80 26
42 49 2 70
42 50 91 22
42 51 97 90
42 52 31 66
42 53 63 56
42 54 56 56
42 55 30 78
42 56 26 6
42 57 89 86
42 58 17 10
42 59 69 73
42 60 18 50
42 61 18 77
42 62 74 33
42 63 7 77
42 64 90 83
42 65 9 25
42 66 1 16
42 67 76 85
42 68 20 63
42 69 65 36
42 70 96 41
42 71 81 87
42 72 17 49
42 73 81 21
42 74 33 54
42 75 16 9
42 76 94 36
42 77 47 35
42 78 92 98
42 79 75 32
42 80 32 52
42 81 37 28
42 82 73 92
42 83 3 27
42 84 13 28
42 85 60 28
42 86 59 59
42 87 3 4
42 88 24 28
42 89 72 73
42 90 72 52
42 91 20 67
42 92 89 91
42 93 11 51
42 94 97 55
42 95 83 87
42 96 73 35
42 97 33 36
42 98 24 6
42 99 71 16
43 44 73 30
43 45 55 63
43 46 39 74
43 47 31 63
43 48 21 43
43 49 89 60
43 50 47 31
43 51 17 45
43 52 62 44
43 53 19 6
43 54 9 4
43 55 84 23
43 56 15 47
43 57 5 27
43 58 69 68
43 59 7 78
43 60 61 46
43 61 96 20
43 62 52 16
43 63 71 78
43 64 71 65
43 65 82 79
43 66 84 18
43 67 43 53
43 68 25 36
43 69 50 44
43 70 31 47
43 71 89 56
43 72 63 71
43 73 18 18
43 74 87 76
43 75 94 85
43 76 31 23
43 77 73 38
43 78 66 54
43 79 89 70
43 80 99 95
43 81 31 43
43 82 20 21
43 83 78 21
43 84 88 67
43 85 30 8
43 86 16 75
43 87 19 66
43 88 95 62
43 89 61 87
43 90 86 83
43 91 60 91
43 92 71 75
43 93 30 61
43 94 82 36
43 95 6 49
43 96 66 34
43 97 14 30
43 98 73 91
43 99 87 86
44 45 70 75
44 46 85 23
44 47 19 78
44 48 60 46
44 49 32 83
44 50 85 24
44 51 8 74
44 52 82 56
44 53 33 62
44 54 2 66
44 55 4 65
44 56 49 51
44 57 40 11
44 58 89 84
44 59 22 19
44 60 56 16
44 61 4 78
44 62 86 91
44 63 94 60
44 64 71 54
44 65 10 67
44 66 22 35
44 67 83 74
44 68 54 53
44 69 28 21
44 70 72 54
44 71 48 31
44 72 71 54
44 73 57 27
44 74 86 51
44 75 53 82
44 76 94 42
44 77 96 95
44 78 71 82
44 79 82 82
44 80 56 21
44 81 54 23
44 82 27 6
44 83 23 56
44 84 28 45
44 85 32 36
44 86 28 53
44 87 99 26
44 88 33 55
44 89 8 69
44 90 89 36
44 91 69 42
44 92 86 42
44 93 22 77
44 94 73 38
44 95 72 39
44 96 56 45
44 97 55 68
44 98 5 69
44 99 33 52
45 46 35 48
45 47 43 46
45 48 39 22
45 49 49 17
45 50 78 60
45 51 36 25
45 52 71 20
45 53 52 71
45 54 88 25
45 55 12 48
45 56 36 14
45 57 99 90
45 58 78 42
45 59 94 78
45 60 22 15
45 61 42 78
45 62 28 34
45 63 71 72
45 64 78 21
45 65 7 56
45 66 97 71
45 67 78 17
45 68 86 71
45 69 77 56
45 70 37 63
45 71 52 76
45 72 28 54
45 73 41 62
45 74 47 10
45 75 19 59
45 76 98 89
45 77 96 67
45 78 97 54
45 79 43 28
45 80 8 34
45 81 28 43
45 82 67 76
45 83 6 35
45 84 35 31
45 85 92 91
45 86 76 82
45 87 98 81
45 88 74 60
45 89 6 8
45 90 28 47
45 91 94 40
45 92 93 92
45 93 82 74
45 94 98 72
45 95 96 55
45 96 3 67
45 97 99 41
45 98 69 84
45 99 36 73
46 47 99 22
46 48 7 66
46 49 98 83
46 50 14 49
46 51 89 50
46 52 54 53
46 53 87 52
46 54 61 13
46 55 18 20
46 56 36 83
46 57 6 74
46 58 12 23
46 59 91 76
46 60 34 73
46 61 21 77
46 62 45 66
46 63 52 36
46 64 6 57
46 65 85 24
46 66 82 86
46 67 24 60
46 68 14 16
46 69 77 20
46 70 20 53
46 71 8 27
46 72 75 90
46 73 30 27
46 74 18 68
46 75 90 62
46 76 57 39
46 77 46 56
46 78 32 80
46 79 68 51
46 80 13 39
46 81 21 70
46 82 72 77
46 83 47 55
46 84 23 17
46 85 14 37
46 86 84 65
46 87 82 20
46 88 31 43
46 89 99 24
46 90 49 27
46 91 70 40
46 92 41 20
46 93 31 48
46 94 64 78
46 95 39 78
46 96 74 82
46 97 9 51
46 98 8 76
46 99 21 12
47 48 59 73
47 49 73 68
47 50 43 10
47 51 84 40
47 52 35 60
47 53 83 82
47 54 35 86
47 55 90 90
47 56 71 26
47 57 41 10
47 58 16 65
47 59 83 93
47 60 83 61
47 61 19 45
47 62 45 24
47 63 98 65
47 64 89 67
47 65 36 66
47 66 95 96
47 67 61 83
47 68 28 57
47 69 81 24
47 70 40 44
47 71 69 60
47 72 66 23
47 73 1 77
47 74 38 33
47 75 44 47
47 76 34 86
47 77 72 88
47 78 39 27
47 79 15 28
47 80 74 32
47 81 5 54
47 82 21 57
47 83 68 16
47 84 65 27
47 85 4 37
47 86 80 93
47 87 57 16
47 88 26 22
47 89 53 28
47 90 11 11
47 91 61 85
47 92 85 17
47 93 36 74
47 94 36 49
47 95 24 72
47 96 42 85
47 97 64 39
47 98 88 41
47 99 40 21
48 49 47 73
48 50 18 55
48 51 34 76
48 52 78 77
48 53 5 22
48 54 72 81
48 55 41 14
48 56 24 72
48 57 10 77
48 58 88 74
48 59 95 86
48 60 17 31
48 61 6 6
48 62 50 25
48 63 99 71
48 64 91 62
48 65 6 80
48 66 63 17
48 67 47 57
48 68 66 27
48 69 73 69
48 70 65 92
48 71 22 33
48 72 90 57
48 73 4 79
48 74 18 54
48 75 100 44
48 76 73 89
48 77 14 80
48 78 40 60
48 79 34 36
48 80 51 11
48 81 0 21
48 82 75 65
48 83 1 24
48 84 70 59
48 85 76 85
48 86 35 41
48 87 97 56
48 88 48 72
48 89 28 16
48 90 44 88
48 91 30 77
48 92 69 86
48 93 10 47
48 94 95 99
48 95 43 13
48 96 88 69
48 97 17 43
48 98 16 62
48 99 89 20
49 50 23 51
49 51 8 52
49 52 87 51
49 53 14 13
49 54 42 57
49 55 17 78
49 56 18 54
49 57 99 77
49 58 20 30
49 59 82 68
49 60 23 40
49 61 65 64
49 62 48 12
49 63 62 88
49 64 42 27
49 65 4 12
49 66 2 48
49 67 84 83
49 68 20 68
49 69 21 60
49 70 8 4
49 71 7 12
49 72 75 68
49 73 84 33
49 74 72 41
49 75 80 22
49 76 52 73
49 77 89 91
49 78 97 39
49 79 83 60
49 80 48 51
49 81 15 31
49 82 19 37
49 83 84 61
49 84 8 55
49 85 32 47
49 86 99 84
49 87 5 35
49 88 22 80
49 89 32 31
49 90 43 75
49 91 19 47
49 92 22 77
49 93 1 45
49 94 54 74
49 95 78 87
49 96 91 71
49 97 77 85
49 98 1 27
49 99 63 64
50 51 12 18
50 52 53 60
50 53 67 54
50 54 54 77
50 55 62 33
50 56 27 59
50 57 45 17
50 58 64 73
50 59 72 32
50 60 50 82
50 61 66 83
50 62 6 20
50 63 6 56
50 64 6 7
50 65 21 7
50 66 21 37
50 67 83 59
50 68 57 85
50 69 53 49
50 70 69 37
50 71 19 16
50 72 26 45
50 73 83 93
50 74 24 53
50 75 77 78
50 76 53 85
50 77 84 70
50 78 26 30
50 79 6 7
50 80 6 56
50 81 97 47
50 82 2 15
50 83 26 18
50 84 56 66
50 85 34 15
50 86 31 35
50 87 5 34
50 88 2 40
50 89 56 44
50 90 99 37
50 91 22 45
50 92 86 34
50 93 33 82
50 94 52 78
50 95 28 79
50 96 57 78
50 97 53 37
50 98 51 56
50 99 73 82
51 52 54 28
51 53 17 27
51 54 77 33
51 55 68 54
51 56 97 31
51 57 47 14
51 58 3 47
51 59 23 40
51 60 1 31
51 61 60 48
51 62 67 82
51 63 72 60
51 64 47 25
51 65 69 61
51 66 19 34
51 67 4 4
51 68 1 65
51 69 28 47
51 70 50 19
51 71 19 75
51 72 60 35
51 73 97 40
51 74 35 64
51 75 4 36
51 76 54 82
51 77 23 37
51 78 34 28
51 79 17 28
51 80 99 31
51 81 4 79
51 82 99 40
51 83 18 56
51 84 47 75
51 85 52 34
51 86 12 78
51 87 55 53
51 88 3 39
51 89 77 31
51 90 87 62
51 91 53 86
51 92 26 47
51 93 87 93
51 94 28 78
51 95 25 13
51 96 72 30
51 97 40 32
51 98 55 87
51 99 60 38
52 53 10 39
52 54 62 50
52 55 77 37
52 56 99 99
52 57 56 51
52 58 75 63
52 59 55 35
52 60 54 21
52 61 34 31
52 62 51 59
52 63 1 43
52 64 86 33
52 65 49 85
52 66 41 51
52 67 18 22
52 68 24 70
52 69 26 28
52 70 76 71
52 71 47 37
52 72 34 74
52 73 94 78
52 74 62 28
52 75 61 48
52 76 16 13
52 77 71 23
52 78 28 79
52 79 48 40
52 80 62 51
52 81 30 18
52 82 6 30
52 83 75 35
52 84 70 30
52 85 75 41
52 86 38 16
52 87 70 63
52 88 32 66
52 89 41 81
52 90 60 65
52 91 36 76
52 92 83 28
52 93 11 75
52 94 84 40
52 95 60 40
52 96 79 63
52 97 99 60
52 98 57 86
52 99 69 30
53 54 33 84
53 55 7 54
53 56 86 19
53 57 60 16
53 58 11 5
53 59 16 20
53 60 9 51
53 61 2 30
53 62 60 27
53 63 56 50
53 64 22 38
53 65 67 83
53 66 2 15
53 67 15 42
53 68 25 34
53 69 55 65
53 70 66 27
53 71 34 72
53 72 83 37
53 73 86 47
53 74 36 41
53 75 80 83
53 76 31 63
53 77 34 48
53 78 80 71
53 79 19 55
53 80 96 55
53 81 25 31
53 82 15 6
53 83 37 28
53 84 98 97
53 85 6 2
53 86 33 36
53 87 90 69
53 88 84 25
53 89 14 71
53 90 83 32
53 91 16 38
53 92 18 10
53 93 95 40
53 94 84 19
53 95 45 74
53 96 93 41
53 97 46 43
53 98 85 81
53 99 68 93
54 55 22 23
54 56 60 16
54 57 50 79
54 58 23 5
54 59 99 47
54 60 94 78
54 61 14 35
54 62 38 67
54 63 18 71
54 64 37 51
54 65 95 43
54 66 22 41
54 67 98 56
54 68 20 13
54 69 16 10
54 70 60 81
54 71 4 59
54 72 33 16
54 73 86 52
54 74 53 28
54 75 73 70
54 76 88 52
54 77 56 74
54 78 27 80
54 79 22 42
54 80 47 54
54 81 52 76
54 82 24 50
54 83 10 71
54 84 77 56
54 85 49 24
54 86 68 27
54 87 1 77
54 88 76 56
54 89 79 60
54 90 64 51
54 91 9 52
54 92 17 62
54 93 22 17
54 94 8 4
54 95 37 78
54 96 49 41
54 97 48 43
54 98 82 83
54 99 66 37
55 56 44 33
55 57 86 42
55 58 45 62
55 59 48 75
55 60 72 24
55 61 54 21
55 62 33 56
55 63 100 95
55 64 94 98
55 65 56 42
55 66 25 55
55 67 51 78
55 68 89 82
55 69 55 81
55 70 56 35
55 71 38 66
55 72 67 80
55 73 54 54
55 74 63 77
55 75 89 75
55 76 56 76
55 77 55 56
55 78 28 82
55 79 45 33
55 80 98 72
55 81 96 75
55 82 18 61
55 83 18 80
55 84 79 76
55 85 22 59
55 86 68 47
55 87 59 60
55 88 68 37
55 89 49 27
55 90 67 84
55 91 84 90
55 92 83 64
55 93 86 81
55 94 5 21
55 95 66 39
55 96 68 31
55 97 44 79
55 98 28 70
55 99 79 41
56 57 54 68
56 58 1 19
56 59 74 52
56 60 28 28
56 61 98 86
56 62 6 28
56 63 4 69
56 64 3 66
56 65 70 90
56 66 6 46
56 67 63 19
56 68 42 38
56 69 34 79
56 70 23 56
56 71 22 53
56 72 67 55
56 73 9 37
56 74 92 74
56 75 63 80
56 76 69 33
56 77 66 51
56 78 79 32
56 79 75 55
56 80 33 43
56 81 15 3
56 82 73 84
56 83 45 31
56 84 95 95
56 85 90 49
56 86 85 18
56 87 53 47
56 88 99 56
56 89 26 59
56 90 24 81
56 91 77 76
56 92 55 86
56 93 14 34
56 94 56 31
56 95 85 48
56 96 92 82
56 97 89 28
56 98 56 36
56 99 57 23
57 58 25 19
57 59 68 27
57 60 3 79
57 61 11 30
57 62 31 52
57 63 6 28
57 64 93 81
57 65 55 72
57 66 67 33
57 67 15 80
57 68 92 86
57 69 77 85
57 70 91 33
57 71 43 87
57 72 94 59
57 73 24 5
57 74 73 54
57 75 19 32
57 76 46 59
57 77 54 84
57 78 22 74
57 79 47 56
57 80 28 42
57 81 7 62
57 82 72 57
57 83 86 67
57 84 66 27
57 85 28 23
57 86 14 51
57 87 4 65
57 88 37 82
57 89 63 83
57 90 43 68
57 91 22 67
57 92 41 86
57 93 19 40
57 94 88 37
57 95 4 28
57 96 71 62
57 97 19 60
57 98 28 55
57 99 99 45
58 59 48 17
58 60 5 16
58 61 41 31
58 62 89 36
58 63 31 53
58 64 3 11
58 65 4 12
58 66 51 43
58 67 17 8
58 68 69 61
58 69 66 25
58 70 5 48
58 71 90 56
58 72 62 87
58 73 67 67
58 74 100 97
58 75 38 44
58 76 24 27
58 77 13 44
58 78 6 34
58 79 63 77
58 80 77 94
58 81 56 27
58 82 80 49
58 83 46 46
58 84 18 38
58 85 100 64
58 86 82 37
58 87 10 52
58 88 75 55
58 89 27 56
58 90 90 84
58 91 39 15
58 92 62 80
58 93 87 65
58 94 96 97
58 95 11 30
58 96 52 46
58 97 47 75
58 98 43 27
58 99 62 69
59 60 5 44
59 61 38 82
59 62 16 14
59 63 25 39
59 64 18 39
59 65 37 70
59 66 9 63
59 67 91 60
59 68 33 21
59 69 1 71
59 70 55 33
59 71 63 73
59 72 2 80
59 73 94 65
59 74 36 49
59 75 20 73
59 76 40 9
59 77 37 72
59 78 85 30
59 79 39 43
59 80 34 11
59 81 53 14
59 82 27 83
59 83 68 21
59 84 15 66
59 85 69 65
59 86 51 88
59 87 30 10
59 88 12 78
59 89 32 55
59 90 72 62
59 91 5 56
59 92 77 21
59 93 48 40
59 94 17 21
59 95 63 87
59 96 23 78
59 97 73 90
59 98 80 95
59 99 95 28
60 61 16 24
60 62 65 62
60 63 54 22
60 64 90 66
60 65 66 56
60 66 86 47
60 67 6 39
60 68 12 11
60 69 26 64
60 70 72 87
60 71 51 38
60 72 18 63
60 73 56 43
60 74 20 64
60 75 8 15
60 76 81 53
60 77 90 92
60 78 7 80
60 79 50 13
60 80 23 73
60 81 43 73
60 82 5 61
60 83 59 83
60 84 23 80
60 85 1 44
60 86 16 7
60 87 44 42
60 88 20 84
60 89 18 15
60 90 1 56
60 91 9 12
60 92 90 65
60 93 12 4
60 94 67 87
60 95 72 69
60 96 34 23
60 97 79 59
60 98 15 71
60 99 83 55
61 62 37 9
61 63 12 35
61 64 78 53
61 65 63 42
61 66 54 27
61 67 52 62
61 68 73 89
61 69 40 80
61 70 15 17
61 71 3 36
61 72 22 17
61 73 2 30
61 74 100 66
61 75 74 20
61 76 73 94
61 77 1 71
61 78 36 72
61 79 73 43
61 80 84 96
61 81 83 27
61 82 9 67
61 83 45 44
61 84 57 84
61 85 83 83
61 86 61 56
61 87 63 31
61 88 51 73
61 89 89 37
61 90 65 46
61 91 90 71
61 92 97 47
61 93 81 19
61 94 14 20
61 95 77 38
61 96 46 76
61 97 33 73
61 98 24 21
61 99 96 59
62 63 89 96
62 64 67 71
62 65 38 16
62 66 45 36
62 67 95 21
62 68 56 83
62 69 30 72
62 70 35 23
62 71 10 52
62 72 84 67
62 73 86 39
62 74 15 15
62 75 84 96
62 76 19 33
62 77 74 81
62 78 56 45
62 79 26 56
62 80 30 66
62 81 36 23
62 82 93 25
62 83 4 20
62 84 84 77
62 85 71 55
62 86 100 79
62 87 18 22
62 88 62 88
62 89 65 30
62 90 26 79
62 91 30 39
62 92 93 98
62 93 90 72
62 94 98 45
62 95 82 94
62 96 63 82
62 97 76 31
62 98 53 75
62 99 4 60
63 64 72 25
63 65 14 27
63 66 61 24
63 67 47 81
63 68 7 57
63 69 41 12
63 70 76 31
63 71 97 60
63 72 15 43
63 73 34 10
63 74 75 17
63 75 56 44
63 76 80 28
63 77 42 44
63 78 7 34
63 79 8 73
63 80 48 74
63 81 1 46
63 82 83 85
63 83 34 39
63 84 49 42
63 85 51 17
63 86 97 23
63 87 19 18
63 88 36 53
63 89 5 74
63 90 49 37
63 91 25 33
63 92 2 80
63 93 81 96
63 94 13 20
63 95 62 36
63 96 74 87
63 97 13 54
63 98 84 19
63 99 9 15
64 65 90 67
64 66 22 53
64 67 42 57
64 68 80 60
64 69 16 78
64 70 72 63
64 71 80 74
64 72 62 68
64 73 51 27
64 74 63 28
64 75 75 27
64 76 60 40
64 77 5 52
64 78 84 33
64 79 19 44
64 80 89 26
64 81 16 13
64 82 97 61
64 83 91 79
64 84 37 49
64 85 19 64
64 86 24 19
64 87 97 21
64 88 10 22
64 89 23 82
64 90 89 55
64 91 84 65
64 92 53 46
64 93 95 27
64 94 3 77
64 95 63 48
64 96 54 17
64 97 93 71
64 98 2 60
64 99 8 75
65 66 0 55
65 67 40 42
65 68 52 76
65 69 74 32
65 70 34 39
65 71 96 27
65 72 79 53
65 73 59 48
65 74 32 85
65 75 91 87
65 76 71 20
65 77 68 40
65 78 41 49
65 79 71 21
65 80 55 46
65 81 8 71
65 82 86 95
65 83 44 27
65 84 7 22
65 85 43 67
65 86 50 18
65 87 43 87
65 88 57 90
65 89 74 61
65 90 57 21
65 91 89 40
65 92 16 21
65 93 98 61
65 94 85 68
65 95 14 31
65 96 52 56
65 97 16 8
65 98 77 56
65 99 23 46
66 67 40 30
66 68 66 77
66 69 32 13
66 70 72 36
66 71 59 75
66 72 26 26
66 73 49 35
66 74 51 49
66 75 28 34
66 76 25 57
66 77 35 47
66 78 74 23
66 79 51 70
66 80 64 30
66 81 91 23
66 82 96 35
66 83 82 85
66 84 97 75
66 85 38 28
66 86 49 60
66 87 72 53
66 88 62 34
66 89 23 60
66 90 37 25
66 91 6 51
66 92 56 88
66 93 70 27
66 94 52 66
66 95 76 18
66 96 53 59
66 97 60 15
66 98 7 41
66 99 99 34
67 68 68 39
67 69 67 14
67 70 35 25
67 71 32 86
67 72 15 70
67 73 65 37
67 74 49 15
67 75 96 25
67 76 20 35
67 77 7 72
67 78 22 40
67 79 52 33
67 80 79 51
67 81 32 57
67 82 50 13
67 83 33 12
67 84 71 67
67 85 63 28
67 86 32 11
67 87 11 26
67 88 63 49
67 89 27 40
67 90 12 41
67 91 0 68
67 92 98 98
67 93 87 84
67 94 2 25
67 95 50 63
67 96 4 51
67 97 28 18
67 98 54 79
67 99 53 52
68 69 32 21
68 70 60 38
68 71 81 89
68 72 57 41
68 73 88 74
68 74 37 48
68 75 25 13
68 76 76 26
68 77 63 28
68 78 78 73
68 79 56 32
68 80 36 49
68 81 3 4
68 82 71 59
68 83 93 87
68 84 42 26
68 85 96 56
68 86 78 46
68 87 84 56
68 88 1 17
68 89 56 61
68 90 57 15
68 91 53 26
68 92 41 51
68 93 59 74
68 94 91 68
68 95 57 85
68 96 88 78
68 97 89 91
68 98 33 71
68 99 68 51
69 70 33 71
69 71 66 81
69 72 5 64
69 73 47 18
69 74 40 43
69 75 42 61
69 76 46 32
69 77 98 93
69 78 34 48
69 79 81 39
69 80 41 71
69 81 62 76
69 82 36 8
69 83 76 25
69 84 80 40
69 85 74 81
69 86 22 8
69 87 71 45
69 88 61 44
69 89 75 51
69 90 60 82
69 91 33 83
69 92 82 90
69 93 20 10
69 94 63 91
69 95 13 23
69 96 89 65
69 97 91 73
69 98 88 61
69 99 32 20
70 71 39 22
70 72 70 81
70 73 87 86
70 74 64 86
70 75 87 93
70 76 36 63
70 77 86 26
70 78 19 43
70 79 49 39
70 80 57 28
70 81 16 68
70 82 74 94
70 83 98 65
70 84 67 23
70 85 72 28
70 86 92 57
70 87 0 49
70 88 60 12
70 89 37 63
70 90 88 56
70 91 41 14
70 92 79 24
70 93 76 32
70 94 56 27
70 95 56 75
70 96 68 19
70 97 12 31
70 98 17 16
70 99 40 76
71 72 21 44
71 73 40 32
71 74 28 56
71 75 80 90
71 76 48 24
71 77 98 35
71 78 67 59
71 79 25 6
71 80 86 78
71 81 75 51
71 82 79 72
71 83 90 77
71 84 75 61
71 85 22 10
71 86 42 28
71 87 10 26
71 88 65 84
71 89 94 33
71 90 48 73
71 91 28 79
71 92 56 36
71 93 95 23
71 94 80 20
71 95 68 82
71 96 70 20
71 97 50 74
71 98 9 19
71 99 21 48
72 73 59 43
72 74 1 61
72 75 53 66
72 76 19 36
72 77 4 76
72 78 38 73
72 79 18 52
72 80 95 82
72 81 63 52
72 82 82 26
72 83 13 19
72 84 3 51
72 85 40 11
72 86 33 75
72 87 59 47
72 88 52 38
72 89 10 70
72 90 18 64
72 91 15 80
72 92 46 54
72 93 9 23
72 94 92 59
72 95 42 10
72 96 99 56
72 97 89 92
72 98 36 37
72 99 3 8
73 74 53 68
73 75 84 32
73 76 80 76
73 77 88 44
73 78 44 24
73 79 18 53
73 80 75 22
73 81 55 63
73 82 4 33
73 83 67 41
73 84 24 62
73 85 13 41
73 86 89 95
73 87 5 47
73 88 20 67
73 89 12 37
73 90 69 28
73 91 95 41
73 92 5 53
73 93 28 41
73 94 33 38
73 95 39 21
73 96 82 21
73 97 46 27
73 98 2 36
73 99 7 5
74 75 86 71
74 76 14 23
74 77 41 61
74 78 76 22
74 79 99 77
74 80 9 76
74 81 91 73
74 82 48 54
74 83 79 20
74 84 24 82
74 85 26 44
74 86 54 71
74 87 36 30
74 88 61 78
74 89 17 82
74 90 7 32
74 91 90 68
74 92 15 62
74 93 67 83
74 94 56 28
74 95 55 75
74 96 78 25
74 97 72 91
74 98 76 69
74 99 10 28
75 76 30 67
75 77 76 51
75 78 26 73
75 79 61 78
75 80 97 23
75 81 85 69
75 82 87 28
75 83 66 54
75 84 51 17
75 85 28 46
75 86 81 67
75 87 51 63
75 88 87 64
75 89 98 22
75 90 7 72
75 91 14 53
75 92 59 56
75 93 51 80
75 94 80 71
75 95 84 57
75 96 44 31
75 97 28 68
75 98 44 78
75 99 20 73
76 77 75 84
76 78 39 54
76 79 35 70
76 80 30 47
76 81 78 39
76 82 51 40
76 83 11 22
76 84 94 80
76 85 53 59
76 86 31 67
76 87 78 60
76 88 48 14
76 89 16 79
76 90 70 19
76 91 38 38
76 92 56 12
76 93 85 97
76 94 76 23
76 95 55 70
76 96 15 40
76 97 73 89
76 98 64 50
76 99 92 53
77 78 99 96
77 79 13 37
77 80 19 18
77 81 7 53
77 82 84 45
77 83 90 92
77 84 25 81
77 85 84 44
77 86 2 60
77 87 8 51
77 88 28 21
77 89 56 33
77 90 64 40
77 91 91 53
77 92 13 44
77 93 25 13
77 94 54 61
77 95 33 8
77 96 21 32
77 97 3 15
77 98 70 56
77 99 98 79
78 79 61 46
78 80 84 34
78 81 22 52
78 82 56 56
78 83 33 61
78 84 56 23
78 85 15 49
78 86 45 57
78 87 31 86
78 88 63 52
78 89 26 71
78 90 25 60
78 91 91 78
78 92 80 34
78 93 69 65
78 94 95 26
78 95 88 83
78 96 85 35
78 97 92 28
78 98 1 68
78 99 79 87
79 80 5 45
79 81 96 27
79 82 60 30
79 83 78 33
79 84 64 69
79 85 78 47
79 86 2 23
79 87 28 40
79 88 91 23
79 89 68 23
79 90 18 68
79 91 51 56
79 92 91 49
79 93 98 22
79 94 83 83
79 95 8 36
79 96 85 93
79 97 63 61
79 98 71 73
79 99 98 66
80 81 88 44
80 82 60 38
80 83 63 44
80 84 3 16
80 85 55 28
80 86 43 80
80 87 5 55
80 88 23 5
80 89 24 84
80 90 44 66
80 91 40 27
80 92 11 73
80 93 38 74
80 94 16 37
80 95 40 27
80 96 79 38
80 97 28 6
80 98 27 26
80 99 10 19
81 82 46 68
81 83 20 19
81 84 23 16
81 85 55 78
81 86 41 28
81 87 34 83
81 88 72 68
81 89 92 96
81 90 97 43
81 91 10 74
81 92 17 26
81 93 39 70
81 94 21 66
81 95 95 93
81 96 50 65
81 97 84 56
81 98 2 13
81 99 65 73
82 83 7 79
82 84 62 81
82 85 71 69
82 86 73 47
82 87 45 30
82 88 86 21
82 89 56 12
82 90 2 21
82 91 25 8
82 92 55 45
82 93 21 83
82 94 63 36
82 95 60 15
82 96 18 27
82 97 36 36
82 98 49 63
82 99 55 11
83 84 94 92
83 85 21 80
83 86 97 89
83 87 1 25
83 88 66 47
83 89 100 52
83 90 49 21
83 91 100 26
83 92 57 90
83 93 18 31
83 94 68 42
83 95 53 52
83 96 3 66
83 97 0 23
83 98 94 46
83 99 13 33
84 85 47 46
84 86 83 91
84 87 39 45
84 88 9 39
84 89 78 33
84 90 96 30
84 91 51 50
84 92 81 42
84 93 64 63
84 94 49 57
84 95 28 48
84 96 75 60
84 97 15 7
84 98 43 13
84 99 34 54
85 86 36 40
85 87 60 39
85 88 11 76
85 89 56 15
85 90 51 50
85 91 45 74
85 92 12 52
85 93 63 89
85 94 65 27
85 95 78 88
85 96 72 24
85 97 54 21
85 98 19 62
85 99 78 60
86 87 100 87
86 88 18 16
86 89 17 35
86 90 92 54
86 91 50 83
86 92 96 36
86 93 85 84
86 94 17 59
86 95 62 78
86 96 83 54
86 97 78 69
86 98 68 66
86 99 80 69
87 88 62 46
87 89 49 81
87 90 81 63
87 91 28 42
87 92 27 54
87 93 69 93
87 94 46 69
87 95 99 69
87 96 23 64
87 97 91 98
87 98 47 13
87 99 15 4
88 89 94 43
88 90 65 18
88 91 3 78
88 92 95 95
88 93 18 25
88 94 26 71
88 95 25 42
88 96 45 49
88 97 9 64
88 98 60 23
88 99 17 64
89 90 65 81
89 91 19 16
89 92 35 10
89 93 95 87
89 94 67 18
89 95 19 38
89 96 89 84
89 97 97 55
89 98 82 75
89 99 96 22
90 91 96 32
90 92 62 69
90 93 87 69
90 94 3 20
90 95 53 20
90 96 63 80
90 97 24 36
90 98 88 44
90 99 99 27
91 92 45 59
91 93 64 33
91 94 22 60
91 95 93 31
91 96 6 27
91 97 4 20
91 98 53 77
91 99 56 75
92 93 96 73
92 94 13 69
92 95 50 81
92 96 89 53
92 97 96 98
92 98 28 7
92 99 46 21
93 94 64 81
93 95 93 52
93 96 74 21
93 97 89 79
93 98 98 32
93 99 69 60
94 95 4 41
94 96 81 80
94 97 2 53
94 98 78 42
94 99 18 41
95 96 19 10
95 97 12 37
95 98 56 77
95 99 34 55
96 97 34 55
96 98 3 57
96 99 25 19
97 98 20 32
97 99 54 11
98 99 53 13
