100
0 25 12 9
0 30 1 73
0 80 26 6
0 93 4 17
1 17 7 2
1 29 13 6
1 46 35 7
1 65 0 46
1 74 2 38
1 87 1 43
1 92 2 13
2 12 3 20
2 47 24 8
2 67 7 4
2 76 16 9
2 80 2 66
2 90 2 28
2 94 8 9
3 14 10 11
3 27 13 10
3 28 5 28
3 39 1 64
3 61 11 5
3 81 36 8
4 14 2 15
4 16 1 43
4 20 3 9
4 49 28 6
4 54 1 24
4 83 0 8
5 20 1 50
5 31 0 28
5 62 7 13
5 75 15 6
5 93 18 5
6 17 28 6
6 19 2 24
6 20 4 14
6 36 11 7
6 44 11 10
6 70 0 79
6 85 1 45
6 89 33 7
6 91 0 48
6 96 5 35
7 16 0 44
7 30 17 6
7 74 37 12
7 98 3 14
8 55 8 19
8 59 13 9
8 64 1 64
8 74 2 28
8 76 25 7
8 86 17 8
8 90 11 12
8 91 9 16
9 31 1 10
9 49 18 5
9 59 5 39
9 72 4 9
9 79 8 4
9 84 0 65
9 97 18 5
10 18 1 13
10 59 23 6
10 82 0 71
10 88 2 27
11 31 0 7
11 69 7 8
11 78 2 12
12 23 1 11
12 28 28 8
12 88 0 34
13 21 1 6
13 27 5 30
13 34 2 40
13 79 1 49
13 84 1 9
13 86 0 77
14 39 6 11
14 46 1 68
14 52 8 7
14 57 0 32
14 62 20 5
14 66 7 2
15 16 24 7
15 23 3 3
15 36 2 4
15 40 2 34
15 58 11 8
15 75 1 32
15 94 15 7
16 19 15 8
16 89 1 11
16 91 2 26
17 38 5 8
17 43 13 6
17 45 1 9
17 52 0 28
17 56 0 68
18 47 3 35
18 66 11 7
18 67 2 1
18 97 5 8
19 33 4 7
19 43 1 15
20 34 11 5
20 37 2 24
20 91 9 12
21 36 0 14
21 44 1 35
21 57 19 8
21 76 6 28
22 35 17 8
22 56 1 59
22 81 3 21
23 39 1 48
23 80 15 5
23 99 1 39
24 48 2 16
24 57 0 57
24 75 1 20
24 79 15 7
24 87 12 5
25 61 14 10
25 71 7 2
25 85 1 53
26 52 6 7
26 53 1 48
26 95 1 1
27 55 11 11
27 64 44 9
28 36 27 7
28 38 7 11
28 74 6 24
28 88 1 70
28 99 3 16
29 57 11 6
29 63 2 6
29 81 5 11
29 93 0 53
29 96 4 47
30 69 1 21
30 80 15 6
31 68 0 34
31 71 10 10
31 84 3 2
32 33 1 28
32 62 0 34
32 69 1 11
32 75 1 42
33 45 5 7
33 55 0 8
33 58 1 9
33 66 26 6
33 81 7 3
33 85 3 15
33 95 5 6
33 99 2 14
34 67 7 5
34 90 22 8
35 61 1 22
35 84 2 12
35 87 17 7
36 53 1 28
36 94 3 19
37 60 8 6
37 82 17 6
37 86 3 7
38 61 0 77
38 64 4 8
38 71 1 44
38 83 3 3
38 86 13 8
38 92 3 19
38 97 7 3
38 99 1 26
39 73 20 6
40 53 21 7
40 61 14 12
40 74 0 79
40 76 8 5
41 53 3 1
41 63 1 72
41 69 15 4
41 96 10 9
41 98 9 3
42 56 26 6
42 66 1 16
42 87 3 4
43 54 9 4
44 82 27 6
45 74 47 10
45 89 6 8
46 68 14 16
46 71 8 27
46 99 21 12
47 73 1 77
47 90 11 11
48 61 6 6
48 81 0 21
48 83 1 24
49 65 4 12
49 70 8 4
49 71 7 12
49 93 1 45
49 98 1 27
50 64 6 7
50 65 21 7
50 79 6 7
50 82 2 15
50 88 2 40
51 60 1 31
51 67 4 4
51 68 1 65
52 63 1 43
53 58 11 5
53 66 2 15
53 82 15 6
53 85 6 2
54 58 23 5
54 94 8 4
56 58 1 19
56 81 15 3
57 73 24 5
58 60 5 16
58 64 3 11
58 65 4 12
59 69 1 71
60 85 1 44
60 90 1 56
60 91 9 12
60 93 12 4
61 73 2 30
61 77 1 71
62 74 15 15
62 83 4 20
63 81 1 46
65 66 0 55
65 97 16 8
67 91 0 68
67 94 2 25
68 81 3 4
68 88 1 17
70 87 0 49
71 79 25 6
72 74 1 61
72 99 3 8
73 99 7 5
77 95 33 8
77 97 3 15
78 98 1 68
79 86 2 23
80 84 3 16
80 88 23 5
80 97 28 6
81 98 2 13
82 90 2 21
82 91 25 8
83 87 1 25
83 97 0 23
84 97 15 7
87 99 15 4
90 94 3 20
91 96 6 27
91 97 4 20
92 98 28 7
96 98 3 57