35
0 1 94 74
0 2 75 57
0 3 32 77
0 4 49 76
0 5 35 49
0 6 98 71
0 7 38 41
0 8 98 50
0 9 57 16
0 10 61 75
0 11 53 54
0 12 9 79
0 13 10 71
0 14 60 18
0 15 52 16
0 16 57 80
0 17 12 9
0 18 63 21
0 19 45 14
0 20 43 74
0 21 72 63
0 22 37 15
0 23 56 40
0 24 50 24
0 25 13 61
0 26 95 98
0 27 37 10
0 28 72 84
0 29 75 66
0 30 97 51
0 31 7 39
0 32 39 85
0 33 89 57
0 34 1 10
1 2 3 65
1 3 46 75
1 4 83 72
1 5 31 48
1 6 40 43
1 7 89 78
1 8 35 8
1 9 51 26
1 10 11 18
1 11 1 56
1 12 12 8
1 13 46 30
1 14 62 87
1 15 81 56
1 16 36 22
1 17 78 62
1 18 91 62
1 19 94 44
1 20 13 7
1 21 46 23
1 22 87 80
1 23 84 65
1 24 96 75
1 25 0 32
1 26 97 31
1 27 17 33
1 28 75 43
1 29 40 66
1 30 76 27
1 31 1 3
1 32 48 82
1 33 42 17
1 34 44 67
2 3 91 34
2 4 14 79
2 5 94 80
2 6 86 79
2 7 65 56
2 8 68 54
2 9 14 66
2 10 1 22
2 11 75 68
2 12 3 35
2 13 39 79
2 14 21 34
2 15 22 77
2 16 40 16
2 17 90 59
2 18 14 9
2 19 8 40
2 20 69 27
2 21 39 64
2 22 37 17
2 23 12 3
2 24 5 7
2 25 36 82
2 26 31 70
2 27 26 65
2 28 71 63
2 29 63 17
2 30 91 37
2 31 81 68
2 32 56 64
2 33 73 27
2 34 32 56
3 4 85 63
3 5 23 28
3 6 90 81
3 7 31 61
3 8 15 28
3 9 72 35
3 10 37 25
3 11 36 86
3 12 41 8
3 13 52 88
3 14 76 47
3 15 57 37
3 16 9 19
3 17 80 94
3 18 37 18
3 19 13 71
3 20 17 20
3 21 66 49
3 22 27 47
3 23 57 78
3 24 10 33
3 25 13 15
3 26 7 28
3 27 86 97
3 28 98 35
3 29 26 21
3 30 56 31
3 31 19 56
3 32 96 47
3 33 77 90
3 34 25 50
4 5 15 40
4 6 80 24
4 7 83 37
4 8 4 49
4 9 11 32
4 10 80 37
4 11 82 42
4 12 26 78
4 13 22 21
4 14 77 83
4 15 57 36
4 16 25 24
4 17 84 47
4 18 26 76
4 19 41 23
4 20 14 61
4 21 56 50
4 22 0 75
4 23 63 76
4 24 24 7
4 25 75 37
4 26 18 64
4 27 40 74
4 28 17 11
4 29 35 22
4 30 89 84
4 31 92 20
4 32 32 46
4 33 72 33
4 34 3 63
5 6 12 6
5 7 52 85
5 8 16 45
5 9 41 78
5 10 65 91
5 11 99 67
5 12 38 10
5 13 51 84
5 14 70 57
5 15 61 61
5 16 65 67
5 17 79 55
5 18 23 45
5 19 70 89
5 20 5 56
5 21 97 50
5 22 19 68
5 23 51 17
5 24 89 30
5 25 49 13
5 26 40 56
5 27 55 20
5 28 57 52
5 29 70 52
5 30 74 76
5 31 24 14
5 32 59 43
5 33 90 85
5 34 12 43
6 7 3 46
6 8 56 34
6 9 96 36
6 10 60 66
6 11 61 85
6 12 2 69
6 13 59 64
6 14 99 97
6 15 37 8
6 16 44 14
6 17 28 10
6 18 52 63
6 19 78 75
6 20 46 49
6 21 28 81
6 22 74 17
6 23 28 37
6 24 91 65
6 25 70 74
6 26 9 56
6 27 85 80
6 28 49 22
6 29 38 19
6 30 91 36
6 31 69 65
6 32 89 60
6 33 98 97
6 34 26 31
7 8 83 81
7 9 56 33
7 10 92 98
7 11 1 43
7 12 88 50
7 13 7 56
7 14 73 65
7 15 37 24
7 16 99 36
7 17 41 27
7 18 51 20
7 19 34 13
7 20 50 16
7 21 85 19
7 22 57 56
7 23 91 28
7 24 1 52
7 25 81 39
7 26 70 56
7 27 26 52
7 28 47 76
7 29 27 31
7 30 60 48
7 31 56 63
7 32 85 31
7 33 60 77
7 34 86 21
8 9 53 13
8 10 24 56
8 11 28 84
8 12 46 63
8 13 30 84
8 14 99 76
8 15 24 17
8 16 27 9
8 17 75 35
8 18 0 0
8 19 41 57
8 20 38 78
8 21 88 96
8 22 64 59
8 23 47 16
8 24 71 67
8 25 55 28
8 26 11 38
8 27 82 28
8 28 56 56
8 29 4 78
8 30 13 52
8 31 18 43
8 32 52 41
8 33 73 86
8 34 48 50
9 10 87 55
9 11 37 15
9 12 28 13
9 13 98 73
9 14 59 62
9 15 71 28
9 16 27 73
9 17 15 21
9 18 83 18
9 19 46 72
9 20 31 78
9 21 13 9
9 22 4 49
9 23 49 22
9 24 97 37
9 25 76 93
9 26 4 27
9 27 77 78
9 28 8 27
9 29 30 51
9 30 39 37
9 31 47 78
9 32 43 56
9 33 23 30
9 34 31 46
10 11 10 7
10 12 65 44
10 13 71 57
10 14 9 31
10 15 17 35
10 16 14 52
10 17 26 30
10 18 70 38
10 19 56 90
10 20 23 71
10 21 72 45
10 22 39 72
10 23 95 73
10 24 38 24
10 25 11 51
10 26 84 65
10 27 59 25
10 28 3 12
10 29 76 33
10 30 34 67
10 31 94 93
10 32 17 32
10 33 74 64
10 34 66 64
11 12 69 78
11 13 72 70
11 14 72 48
11 15 98 91
11 16 56 84
11 17 88 23
11 18 21 41
11 19 59 22
11 20 45 62
11 21 55 60
11 22 63 54
11 23 87 28
11 24 72 83
11 25 66 48
11 26 75 60
11 27 89 90
11 28 14 67
11 29 69 44
11 30 46 71
11 31 17 65
11 32 94 53
11 33 17 45
11 34 9 20
12 13 74 43
12 14 1 80
12 15 57 47
12 16 81 31
12 17 24 46
12 18 39 82
12 19 64 89
12 20 35 48
12 21 5 74
12 22 20 42
12 23 63 17
12 24 19 68
12 25 56 17
12 26 0 11
12 27 39 47
12 28 41 40
12 29 65 63
12 30 68 54
12 31 41 84
12 32 6 72
12 33 83 37
12 34 12 49
13 14 59 28
13 15 35 44
13 16 56 54
13 17 5 43
13 18 36 84
13 19 1 55
13 20 6 11
13 21 93 67
13 22 49 46
13 23 59 20
13 24 13 68
13 25 28 81
13 26 56 20
13 27 4 44
13 28 83 73
13 29 41 23
13 30 62 90
13 31 55 62
13 32 97 46
13 33 83 71
13 34 16 76
14 15 40 67
14 16 9 34
14 17 96 56
14 18 51 28
14 19 87 20
14 20 62 86
14 21 55 73
14 22 23 32
14 23 15 51
14 24 14 56
14 25 83 26
14 26 54 13
14 27 13 65
14 28 40 12
14 29 28 50
14 30 7 14
14 31 37 32
14 32 97 97
14 33 45 17
14 34 56 81
15 16 41 66
15 17 65 25
15 18 88 65
15 19 42 81
15 20 62 59
15 21 4 11
15 22 86 40
15 23 39 82
15 24 89 90
15 25 20 24
15 26 37 11
15 27 25 39
15 28 8 71
15 29 47 63
15 30 89 45
15 31 28 13
15 32 25 50
15 33 56 42
15 34 17 79
16 17 57 17
16 18 45 59
16 19 15 27
16 20 52 17
16 21 18 56
16 22 59 34
16 23 41 49
16 24 38 75
16 25 25 19
16 26 85 94
16 27 54 70
16 28 41 77
16 29 50 52
16 30 84 24
16 31 30 21
16 32 3 62
16 33 11 40
16 34 28 84
17 18 51 19
17 19 89 49
17 20 59 80
17 21 85 85
17 22 87 36
17 23 47 84
17 24 92 66
17 25 43 51
17 26 96 82
17 27 1 50
17 28 3 32
17 29 79 71
17 30 87 73
17 31 37 82
17 32 66 70
17 33 23 55
17 34 2 56
18 19 78 45
18 20 70 50
18 21 74 83
18 22 82 33
18 23 24 8
18 24 87 80
18 25 74 61
18 26 54 67
18 27 24 80
18 28 75 74
18 29 72 92
18 30 15 76
18 31 26 31
18 32 71 31
18 33 76 17
18 34 33 54
19 20 67 64
19 21 77 17
19 22 33 18
19 23 19 75
19 24 34 43
19 25 41 57
19 26 24 77
19 27 90 34
19 28 88 89
19 29 84 38
19 30 1 57
19 31 47 48
19 32 11 46
19 33 61 56
19 34 24 39
20 21 40 78
20 22 67 81
20 23 13 47
20 24 45 62
20 25 64 16
20 26 56 80
20 27 97 44
20 28 47 86
20 29 39 74
20 30 93 52
20 31 24 80
20 32 10 25
20 33 2 75
20 34 13 34
21 22 27 40
21 23 60 62
21 24 65 82
21 25 93 72
21 26 71 46
21 27 76 61
21 28 80 19
21 29 57 59
21 30 90 80
21 31 87 50
21 32 91 64
21 33 77 42
21 34 52 89
22 23 78 56
22 24 71 80
22 25 76 88
22 26 7 37
22 27 23 12
22 28 81 28
22 29 2 42
22 30 96 20
22 31 49 21
22 32 40 21
22 33 89 28
22 34 46 68
23 24 92 94
23 25 5 39
23 26 1 40
23 27 15 46
23 28 97 46
23 29 85 85
23 30 59 91
23 31 18 34
23 32 76 66
23 33 84 82
23 34 88 83
24 25 24 26
24 26 10 50
24 27 57 74
24 28 85 37
24 29 81 76
24 30 34 20
24 31 36 68
24 32 25 36
24 33 71 15
24 34 66 74
25 26 86 57
25 27 45 54
25 28 28 69
25 29 37 72
25 30 15 23
25 31 61 18
25 32 42 23
25 33 32 79
25 34 52 39
26 27 90 23
26 28 0 78
26 29 72 75
26 30 73 41
26 31 54 55
26 32 55 40
26 33 64 66
26 34 57 45
27 28 59 72
27 29 26 17
27 30 0 2
27 31 79 82
27 32 11 34
27 33 76 54
27 34 41 44
28 29 100 94
28 30 78 48
28 31 88 45
28 32 47 68
28 33 30 65
28 34 78 79
29 30 69 82
29 31 22 50
29 32 27 11
29 33 1 15
29 34 12 54
30 31 56 52
30 32 40 76
30 33 69 39
30 34 33 53
31 32 43 19
31 33 62 57
31 34 99 59
32 33 67 63
32 34 92 62
33 34 89 65
