172 1741
169 1762
166 1790
163 1821
161 1841
158 1864
155 1897
153 1921
150 1948
152 1927
151 1937
126 2276
128 2226
142 2041
144 2015
138 2095
134 2137
132 2161
130 2191
137 2105
127 2249
124 2289
125 2286
119 2340
117 2383
112 2457
111 2478
110 2486
108 2522
101 2664
104 2597
105 2581
106 2558
96 2780
99 2700
97 2746
91 2922
93 2855
90 2962
88 3012
89 2994
87 3039
82 3209
85 3105
84 3136
79 3320
81 3242
76 3446
78 3355
71 3773
74 3562
72 3702
70 3854
73 3630
75 3498
77 3395
80 3279
83 3169
86 3070
92 2882
94 2823
95 2796
98 2722
100 2676
102 2631
103 2611
107 2538
109 2502
113 2434
115 2401
116 2385
118 2354
121 2309
129 2194
131 2168
135 2118
139 2069
143 2021
147 1997
145 1998
148 1965
154 1902
157 1871
160 1858
164 1801
162 1822
168 1773
165 1792
167 1775
173 1727
179 1715
180 1672
184 1642
240 1306
236 1324
238 1318
220 1407
223 1394
217 1424
218 1423
221 1406
211 1459
208 1476
203 1510
198 1545
196 1563
199 1534
193 1576
197 1557
191 1593
189 1630
190 1607
192 1583
201 1520
207 1482
210 1464
212 1458
214 1441
219 1412
234 1334
246 1280
237 1319
243 1305
249 1267
255 1242
261 1219
268 1194
281 1155
394 864
381 887
386 877
378 893
360 927
350 956
342 971
344 967
337 988
317 1036
314 1043
309 1074
292 1114
293 1108
287 1131
284 1138
283 1145
299 1096
289 1121
300 1094
303 1078
301 1082
313 1045
312 1053
311 1064
318 1030
338 981
320 1025
330 997
346 957
352 944
354 938
372 906
373 903
365 914
392 876
382 879
497 700
496 704
463 741
462 742
453 755
445 769
404 837
411 828
415 816
406 831
424 804
413 821
418 809
429 790
438 775
447 761
459 743
471 726
479 715
484 709
483 710
573 614
587 603
579 609
567 619
549 636
519 669
527 657
510 683
522 664
520 668
511 679
521 666
515 671
513 673
525 659
555 629
561 624
570 615
696 525
695 526
700 524
715 517
655 550
625 574
633 568
622 577
611 590
612 587
614 579
636 567
626 570
637 562
645 557
647 555
669 544
661 546
675 539
685 531
693 527
707 518
728 506
737 501
748 495
753 494
759 491
766 488
896 433
846 450
868 445
841 452
782 479
790 474
800 469
784 477
777 480
787 475
802 468
815 462
824 458
853 449
836 453
855 446
870 443
889 436
900 432
872 440
882 437
946 424
922 428
1053 395
1077 391
1042 397
1050 396
1032 399
1023 401
1040 398
994 408
991 411
992 410
906 430
924 425
955 417
983 413
968 414
999 406
1005 405
1012 403
1057 394
1068 392
1092 388
1129 382
1155 378
1173 377
1175 375
1182 374
1212 370
1235 367
1567 348
1257 365
1248 366
1221 369
1300 360
1291 361
1259 364
1268 363
1278 362
1310 359
1335 357
1351 356
1371 355
1455 351
1477 350
1501 349
1582 346
