151 1182
156 1136
152 1180
154 1148
145 1229
139 1298
146 1220
142 1263
138 1316
135 1351
132 1384
128 1437
124 1502
113 1670
118 1599
115 1628
117 1601
120 1562
122 1538
121 1554
114 1658
109 1741
111 1707
107 1794
105 1840
104 1850
102 1903
97 2138
98 2057
99 1994
100 1954
101 1919
103 1868
106 1799
108 1754
116 1614
110 1720
112 1675
119 1565
123 1504
126 1461
130 1407
131 1394
136 1332
141 1273
143 1255
144 1239
148 1196
150 1184
149 1186
155 1138
203 862
182 961
187 932
185 945
192 907
183 956
178 988
184 951
180 971
172 1027
174 1008
159 1115
160 1104
161 1094
171 1029
163 1078
165 1066
158 1116
164 1068
169 1040
162 1090
168 1042
177 990
173 1010
166 1060
176 992
181 963
191 911
188 924
190 913
195 892
189 922
194 893
199 875
202 863
198 876
229 780
233 777
234 776
242 757
211 843
213 835
207 846
210 845
206 848
214 822
222 806
241 759
227 790
215 819
224 791
219 807
232 779
223 793
239 763
228 782
244 747
243 749
259 717
294 655
295 653
300 647
301 645
307 636
291 659
318 622
332 606
319 620
314 630
315 626
313 632
303 642
264 709
272 697
276 689
277 687
267 702
288 664
270 698
258 722
255 726
273 692
266 705
248 739
253 733
260 715
281 676
252 735
280 679
278 681
286 667
285 668
297 650
304 641
309 633
321 617
448 485
444 489
453 481
461 474
470 468
458 477
457 478
394 535
405 524
389 541
402 528
416 514
412 517
423 506
396 534
398 531
385 545
388 543
371 560
360 571
373 557
376 555
364 568
378 552
365 566
391 538
377 554
370 561
357 575
342 597
351 584
341 599
340 601
333 602
346 587
353 579
366 565
367 563
380 549
447 488
414 515
431 499
427 502
420 510
432 498
424 505
428 501
478 463
474 466
599 385
584 392
548 413
544 415
561 404
546 414
568 401
495 447
521 430
601 383
574 396
553 408
527 426
530 425
570 399
499 445
479 460
549 412
480 459
531 422
522 428
523 427
511 436
502 442
503 441
491 451
482 457
490 453
466 470
462 473
449 484
483 456
539 417
550 411
532 421
515 432
535 418
557 405
590 388
572 398
575 395
751 323
746 324
716 334
745 325
740 326
715 335
768 318
703 339
736 328
706 338
700 340
681 347
650 361
667 356
665 359
674 354
630 369
614 376
604 382
589 389
620 375
588 390
623 372
592 386
607 379
638 365
645 362
688 344
732 330
710 336
780 314
778 317
752 322
863 294
893 289
860 295
811 306
807 309
787 313
758 320
794 310
835 300
840 298
823 302
877 293
822 305
847 296
880 290
914 288
1026 273
975 278
916 284
938 281
954 279
942 280
981 276
993 275
1006 274
1039 272
1072 271
1084 270
1121 269
1184 268
