152 1164
154 1148
147 1221
153 1160
158 1128
151 1181
142 1263
134 1380
135 1354
128 1440
118 1603
115 1642
114 1658
116 1638
109 1749
111 1707
110 1720
104 1850
102 1903
143 1255
140 1289
105 1839
107 1786
97 2138
98 2057
99 1994
100 1954
101 1919
103 1868
106 1799
108 1754
113 1670
112 1675
117 1610
119 1565
121 1556
125 1482
123 1504
122 1535
126 1461
127 1450
130 1407
131 1394
136 1332
139 1324
141 1273
144 1239
145 1229
148 1196
149 1186
155 1138
185 951
186 946
192 907
171 1024
166 1060
183 953
180 971
167 1053
162 1089
170 1031
163 1078
161 1111
159 1123
165 1063
164 1068
175 999
172 1021
168 1042
173 1010
176 992
181 963
188 924
179 982
182 960
187 932
195 891
190 913
194 893
203 865
199 874
198 876
204 859
256 723
265 708
255 725
253 732
249 740
254 728
242 752
228 783
240 759
224 791
206 848
214 822
234 775
233 776
227 785
236 768
235 769
232 779
215 819
221 804
219 807
223 793
238 760
244 747
243 749
272 698
318 622
262 713
264 709
274 690
267 702
319 620
332 606
343 595
329 612
315 626
314 631
270 699
288 664
308 637
303 642
260 715
282 675
286 667
273 692
277 683
278 681
291 659
280 679
284 670
285 668
297 650
309 633
321 617
330 607
459 479
446 489
444 491
440 492
473 466
469 469
452 483
447 487
400 530
402 527
391 538
405 525
394 535
416 514
423 506
407 523
384 546
421 508
408 522
410 519
392 537
396 534
383 548
409 520
373 557
378 552
347 586
360 571
398 531
385 545
351 584
326 615
340 599
354 580
333 602
346 587
367 563
380 549
432 498
448 486
427 502
425 504
428 501
522 428
568 401
572 398
550 411
549 412
521 430
570 399
553 408
527 426
563 403
472 467
471 468
466 470
462 473
529 425
509 439
491 451
482 457
498 449
511 436
502 442
449 484
548 413
489 454
499 445
503 441
495 450
479 460
490 453
453 481
483 456
519 431
547 414
546 415
541 416
531 422
515 432
535 418
557 405
581 393
575 395
588 390
596 385
706 340
752 322
740 326
746 324
716 334
728 330
722 332
770 319
650 361
680 351
667 356
665 359
589 389
599 383
614 376
604 382
686 349
630 369
636 367
605 381
651 360
620 374
613 377
580 394
644 363
629 370
675 352
668 355
598 384
592 386
607 379
623 372
638 365
645 362
670 354
688 344
700 342
710 336
736 328
774 318
751 323
791 314
783 315
938 281
863 294
892 289
906 286
902 287
873 292
805 309
845 299
758 320
794 310
839 300
835 301
823 302
869 293
859 295
811 306
847 296
880 290
916 284
935 282
1027 273
977 277
954 279
942 280
974 278
981 276
993 275
1006 274
1039 272
1071 271
1084 270
1121 269
1184 268
