70 3854
71 3773
73 3630
74 3562
75 3498
79 3357
78 3370
77 3395
80 3279
81 3242
83 3169
89 3042
86 3070
92 2882
93 2852
94 2823
96 2791
95 2796
97 2746
98 2722
101 2689
106 2574
102 2631
105 2610
103 2611
108 2552
109 2502
111 2480
113 2434
197 1552
190 1613
191 1593
188 1615
187 1632
193 1576
198 1541
171 1746
175 1713
166 1784
168 1768
170 1763
162 1825
159 1852
161 1831
156 1883
158 1862
152 1926
178 1696
183 1662
177 1705
179 1690
155 1896
153 1920
141 2047
142 2036
144 2012
150 1951
149 1957
147 1982
146 1988
127 2235
132 2161
130 2188
137 2095
134 2141
133 2145
126 2239
122 2300
125 2259
124 2274
123 2285
120 2330
117 2376
114 2431
119 2340
112 2477
115 2401
116 2385
118 2354
121 2309
128 2214
129 2194
131 2168
135 2118
139 2069
143 2021
145 1998
148 1965
154 1902
157 1871
164 1801
165 1792
167 1775
173 1727
180 1672
184 1642
192 1583
196 1562
257 1236
224 1389
226 1376
229 1363
223 1393
225 1381
204 1511
212 1453
209 1473
211 1459
208 1476
201 1520
207 1482
210 1464
215 1435
219 1412
228 1365
234 1334
232 1348
237 1319
249 1267
266 1218
255 1242
252 1266
300 1095
296 1103
274 1180
281 1149
275 1173
276 1166
261 1219
280 1157
268 1194
288 1128
284 1138
289 1121
301 1082
322 1028
313 1045
308 1064
306 1067
318 1030
330 997
332 996
377 896
371 903
351 947
360 927
345 963
342 967
337 984
341 974
346 957
354 938
365 914
378 895
382 879
404 839
389 866
398 857
406 831
418 809
433 785
436 784
429 790
427 799
444 770
447 761
457 749
453 754
459 743
471 726
477 720
479 715
515 671
519 668
499 699
495 705
513 673
531 654
522 665
516 670
525 659
544 643
562 624
567 619
555 629
643 558
625 571
616 578
591 601
582 605
603 591
569 616
570 615
594 595
612 581
614 579
626 570
637 562
773 483
758 493
764 488
735 504
739 500
696 525
725 510
694 526
683 536
703 523
675 538
647 555
661 546
685 531
707 518
728 506
726 509
737 501
748 495
775 481
796 471
766 487
795 473
787 475
821 460
834 455
844 451
827 457
815 462
824 458
836 453
852 449
870 442
890 435
855 446
863 444
1042 397
1033 399
1067 393
1055 396
979 411
975 412
1004 405
949 419
991 408
983 410
963 415
972 413
941 421
1008 404
960 416
936 422
914 428
918 427
928 424
923 426
872 440
882 437
906 430
924 425
955 417
999 406
1020 402
1012 403
1082 390
1302 360
1257 365
1247 366
1202 372
1191 373
1221 369
1209 371
1141 381
1165 377
1149 379
1122 384
1077 391
1057 394
1068 392
1092 388
1145 380
1129 382
1155 378
1175 375
1182 374
1212 370
1235 367
1259 364
1268 363
1278 362
1298 361
1564 348
1310 359
1326 358
1335 357
1351 356
1371 355
1413 353
1455 351
1477 350
1501 349
1582 346
